0 0 -42.69439999999999
0 0.025 -38.761759999999995
0 0.05 -34.829119999999975
0 0.07500000000000001 -30.896479999999997
0 0.1 -26.96383999999999
0 0.125 -23.031199999999984
0 0.15 -19.098559999999992
0 0.175 -15.165919999999971
0 0.19999999999999998 -11.233279999999993
0 0.22499999999999998 -7.300639999999987
0 0.24999999999999997 -3.367999999999995
0 0.27499999999999997 0.5646400000000114
0 0.3 4.497280000000032
0 0.325 8.429920000000017
0 0.35000000000000003 12.362560000000023
0 0.37500000000000006 16.295200000000023
0 0.4000000000000001 20.22784000000003
0 0.4250000000000001 24.160480000000028
0 0.4500000000000001 28.09312000000004
0 0.47500000000000014 32.02576000000004
0 0.5000000000000001 35.95840000000003
0 0.5250000000000001 39.89104000000003
0 0.5500000000000002 43.823680000000046
0 0.5750000000000002 47.75632000000006
0 0.6000000000000002 51.68896000000005
0 0.6250000000000002 55.62160000000006
0 0.6500000000000002 59.554240000000064
0 0.6750000000000003 63.48688000000007
0 0.7000000000000003 67.41952000000006
0 0.7250000000000003 71.35216000000007
0 0.7500000000000003 75.28480000000008
0 0.7750000000000004 79.2174400000001
0 0.8000000000000004 83.15008000000007
0 0.8250000000000004 87.08272000000008
0 0.8500000000000004 91.0153600000001
0 0.8750000000000004 94.94800000000009
0 0.9000000000000005 98.88064000000008
0 0.9250000000000005 102.8132800000001
0 0.9500000000000005 106.74592000000011
0 0.9750000000000005 110.67856000000012
0 1.0000000000000004 114.61120000000008
0.025 0 -38.761759999999995
0.025 0.025 -37.83539999999998
0.025 0.05 -34.25391999999998
0.025 0.07500000000000001 -30.406519999999986
0.025 0.1 -26.640559999999994
0.025 0.125 -22.66719999999998
0.025 0.15 -18.84175999999998
0.025 0.175 -15.016319999999972
0.025 0.19999999999999998 -10.836399999999983
0.025 0.22499999999999998 -6.955399999999983
0.025 0.24999999999999997 -3.074399999999983
0.025 0.27499999999999997 0.8066000000000031
0.025 0.3 4.687600000000025
0.025 0.325 8.56860000000001
0.025 0.35000000000000003 12.449600000000025
0.025 0.37500000000000006 16.330600000000018
0.025 0.4000000000000001 20.211600000000033
0.025 0.4250000000000001 24.09260000000004
0.025 0.4500000000000001 27.973600000000047
0.025 0.47500000000000014 31.85460000000004
0.025 0.5000000000000001 35.73560000000004
0.025 0.5250000000000001 39.61660000000005
0.025 0.5500000000000002 43.49760000000005
0.025 0.5750000000000002 47.37860000000005
0.025 0.6000000000000002 51.259600000000056
0.025 0.6250000000000002 56.34160000000005
0.025 0.6500000000000002 60.27424000000006
0.025 0.6750000000000003 64.20688000000006
0.025 0.7000000000000003 68.13952000000006
0.025 0.7250000000000003 72.07216000000007
0.025 0.7500000000000003 76.00480000000007
0.025 0.7750000000000004 79.93744000000007
0.025 0.8000000000000004 83.87008000000007
0.025 0.8250000000000004 87.80272000000008
0.025 0.8500000000000004 91.73536000000007
0.025 0.8750000000000004 95.66800000000008
0.025 0.9000000000000005 99.60064000000008
0.025 0.9250000000000005 103.5332800000001
0.025 0.9500000000000005 107.4659200000001
0.025 0.9750000000000005 111.39856000000009
0.025 1.0000000000000004 115.3312000000001
0.05 0 -34.829119999999975
0.05 0.025 -34.25391999999998
0.05 0.05 -34.85999999999998
0.05 0.07500000000000001 -31.413479999999993
0.05 0.1 -27.699039999999975
0.05 0.125 -23.90719999999999
0.05 0.15 -20.00423999999999
0.05 0.175 -16.238279999999996
0.05 0.19999999999999998 -12.47231999999999
0.05 0.22499999999999998 -8.351039999999998
0.05 0.24999999999999997 -4.525599999999997
0.05 0.27499999999999997 -0.7001600000000039
0.05 0.3 3.125280000000018
0.05 0.325 6.950720000000004
0.05 0.35000000000000003 10.776160000000033
0.05 0.37500000000000006 15.25500000000001
0.05 0.4000000000000001 19.136000000000024
0.05 0.4250000000000001 23.01700000000003
0.05 0.4500000000000001 26.89800000000004
0.05 0.47500000000000014 30.779000000000032
0.05 0.5000000000000001 34.66000000000003
0.05 0.5250000000000001 38.54100000000004
0.05 0.5500000000000002 42.42200000000004
0.05 0.5750000000000002 46.30300000000004
0.05 0.6000000000000002 50.18400000000005
0.05 0.6250000000000002 54.06500000000005
0.05 0.6500000000000002 57.94600000000005
0.05 0.6750000000000003 61.827000000000055
0.05 0.7000000000000003 65.70800000000006
0.05 0.7250000000000003 69.58900000000006
0.05 0.7500000000000003 73.47000000000006
0.05 0.7750000000000004 77.35100000000006
0.05 0.8000000000000004 81.23200000000006
0.05 0.8250000000000004 85.11300000000008
0.05 0.8500000000000004 88.99400000000009
0.05 0.8750000000000004 92.87500000000009
0.05 0.9000000000000005 96.75600000000009
0.05 0.9250000000000005 100.63700000000009
0.05 0.9500000000000005 104.5180000000001
0.05 0.9750000000000005 108.3990000000001
0.05 1.0000000000000004 112.28000000000009
0.07500000000000001 0 -30.896479999999997
0.07500000000000001 0.025 -30.40651999999998
0.07500000000000001 0.05 -31.413479999999986
0.07500000000000001 0.07500000000000001 -29.912999999999982
0.07500000000000001 0.1 -26.530959999999993
0.07500000000000001 0.125 -22.889999999999993
0.07500000000000001 0.15 -19.168559999999992
0.07500000000000001 0.175 -15.332079999999983
0.07500000000000001 0.19999999999999998 -11.629519999999985
0.07500000000000001 0.22499999999999998 -7.626360000000005
0.07500000000000001 0.24999999999999997 -3.8603999999999985
0.07500000000000001 0.27499999999999997 -0.09444000000000585
0.07500000000000001 0.3 3.671520000000008
0.07500000000000001 0.325 7.940719999999999
0.07500000000000001 0.35000000000000003 11.766160000000013
0.07500000000000001 0.37500000000000006 15.591600000000014
0.07500000000000001 0.4000000000000001 19.41704000000002
0.07500000000000001 0.4250000000000001 23.242480000000015
0.07500000000000001 0.4500000000000001 27.067920000000036
0.07500000000000001 0.47500000000000014 30.89336000000003
0.07500000000000001 0.5000000000000001 34.71880000000002
0.07500000000000001 0.5250000000000001 38.54424000000002
0.07500000000000001 0.5500000000000002 43.322000000000045
0.07500000000000001 0.5750000000000002 47.203000000000046
0.07500000000000001 0.6000000000000002 51.08400000000005
0.07500000000000001 0.6250000000000002 54.96500000000005
0.07500000000000001 0.6500000000000002 58.84600000000005
0.07500000000000001 0.6750000000000003 62.72700000000006
0.07500000000000001 0.7000000000000003 66.60800000000006
0.07500000000000001 0.7250000000000003 70.48900000000006
0.07500000000000001 0.7500000000000003 74.37000000000006
0.07500000000000001 0.7750000000000004 78.25100000000006
0.07500000000000001 0.8000000000000004 82.13200000000006
0.07500000000000001 0.8250000000000004 86.01300000000009
0.07500000000000001 0.8500000000000004 89.89400000000009
0.07500000000000001 0.8750000000000004 93.77500000000009
0.07500000000000001 0.9000000000000005 97.65600000000009
0.07500000000000001 0.9250000000000005 101.53700000000009
0.07500000000000001 0.9500000000000005 105.4180000000001
0.07500000000000001 0.9750000000000005 109.2990000000001
0.07500000000000001 1.0000000000000004 113.18000000000009
0.1 0 -26.96383999999999
0.1 0.025 -26.640559999999986
0.1 0.05 -27.69903999999999
0.1 0.07500000000000001 -26.53096
0.1 0.1 -24.963999999999984
0.1 0.125 -21.591199999999994
0.1 0.15 -18.06695999999998
0.1 0.175 -14.411999999999985
0.1 0.19999999999999998 -10.638080000000002
0.1 0.22499999999999998 -7.002839999999999
0.1 0.24999999999999997 -3.054400000000001
0.1 0.27499999999999997 0.6481599999999901
0.1 0.3 4.751520000000021
0.1 0.325 8.517480000000013
0.1 0.35000000000000003 12.283440000000027
0.1 0.37500000000000006 16.04940000000002
0.1 0.4000000000000001 19.815360000000034
0.1 0.4250000000000001 24.232480000000038
0.1 0.4500000000000001 28.057920000000045
0.1 0.47500000000000014 31.88336000000004
0.1 0.5000000000000001 35.70880000000003
0.1 0.5250000000000001 39.53424000000005
0.1 0.5500000000000002 43.35968000000005
0.1 0.5750000000000002 47.18512000000006
0.1 0.6000000000000002 51.01056000000006
0.1 0.6250000000000002 54.83600000000006
0.1 0.6500000000000002 58.661440000000056
0.1 0.6750000000000003 62.486880000000056
0.1 0.7000000000000003 66.31232000000007
0.1 0.7250000000000003 71.38900000000007
0.1 0.7500000000000003 75.27000000000007
0.1 0.7750000000000004 79.15100000000007
0.1 0.8000000000000004 83.03200000000007
0.1 0.8250000000000004 86.91300000000007
0.1 0.8500000000000004 90.79400000000008
0.1 0.8750000000000004 94.67500000000008
0.1 0.9000000000000005 98.55600000000008
0.1 0.9250000000000005 102.43700000000008
0.1 0.9500000000000005 106.31800000000008
0.1 0.9750000000000005 110.19900000000008
0.1 1.0000000000000004 114.08000000000008
0.125 0 -23.031199999999984
0.125 0.025 -22.667199999999987
0.125 0.05 -23.907199999999992
0.125 0.07500000000000001 -22.889999999999997
0.125 0.1 -21.591199999999994
0.125 0.125 -20.014999999999993
0.125 0.15 -16.699439999999996
0.125 0.175 -13.13811999999998
0.125 0.19999999999999998 -9.49799999999999
0.125 0.22499999999999998 -5.93399999999999
0.125 0.24999999999999997 -2.107599999999991
0.125 0.27499999999999997 1.527639999999998
0.125 0.3 5.520720000000011
0.125 0.325 9.223280000000003
0.125 0.35000000000000003 12.925840000000008
0.125 0.37500000000000006 17.129400000000018
0.125 0.4000000000000001 20.895360000000032
0.125 0.4250000000000001 24.661320000000025
0.125 0.4500000000000001 28.42728000000004
0.125 0.47500000000000014 32.19324000000003
0.125 0.5000000000000001 35.95920000000003
0.125 0.5250000000000001 39.72516000000004
0.125 0.5500000000000002 44.34968000000004
0.125 0.5750000000000002 48.17512000000004
0.125 0.6000000000000002 52.00056000000004
0.125 0.6250000000000002 55.82600000000006
0.125 0.6500000000000002 59.651440000000065
0.125 0.6750000000000003 63.476880000000065
0.125 0.7000000000000003 67.30232000000007
0.125 0.7250000000000003 71.12776000000007
0.125 0.7500000000000003 74.95320000000007
0.125 0.7750000000000004 78.77864000000008
0.125 0.8000000000000004 82.60408000000008
0.125 0.8250000000000004 86.4295200000001
0.125 0.8500000000000004 90.2549600000001
0.125 0.8750000000000004 94.0804000000001
0.125 0.9000000000000005 99.45600000000009
0.125 0.9250000000000005 103.33700000000009
0.125 0.9500000000000005 107.21800000000009
0.125 0.9750000000000005 111.09900000000009
0.125 1.0000000000000004 114.98000000000009
0.15 0 -19.098559999999992
0.15 0.025 -18.841759999999987
0.15 0.05 -20.004239999999974
0.15 0.07500000000000001 -19.16855999999999
0.15 0.1 -18.066959999999987
0.15 0.125 -16.69943999999998
0.15 0.15 -16.748399999999975
0.15 0.175 -13.435079999999978
0.15 0.19999999999999998 -9.98431999999999
0.15 0.22499999999999998 -6.402839999999983
0.15 0.24999999999999997 -2.702399999999983
0.15 0.27499999999999997 0.8616000000000028
0.15 0.3 4.740480000000012
0.15 0.325 8.375720000000008
0.15 0.35000000000000003 12.413440000000023
0.15 0.37500000000000006 16.116000000000028
0.15 0.4000000000000001 19.818560000000033
0.15 0.4250000000000001 23.521120000000025
0.15 0.4500000000000001 27.82488000000005
0.15 0.47500000000000014 31.590840000000043
0.15 0.5000000000000001 35.35680000000004
0.15 0.5250000000000001 39.12276000000005
0.15 0.5500000000000002 42.88872000000005
0.15 0.5750000000000002 46.654680000000056
0.15 0.6000000000000002 50.420640000000056
0.15 0.6250000000000002 54.18660000000006
0.15 0.6500000000000002 58.95904000000006
0.15 0.6750000000000003 62.78448000000006
0.15 0.7000000000000003 66.60992000000007
0.15 0.7250000000000003 70.43536000000007
0.15 0.7500000000000003 74.26080000000007
0.15 0.7750000000000004 78.08624000000007
0.15 0.8000000000000004 81.91168000000008
0.15 0.8250000000000004 85.73712000000009
0.15 0.8500000000000004 89.56256000000009
0.15 0.8750000000000004 93.3880000000001
0.15 0.9000000000000005 97.2134400000001
0.15 0.9250000000000005 101.0388800000001
0.15 0.9500000000000005 104.8643200000001
0.15 0.9750000000000005 108.68976000000009
0.15 1.0000000000000004 112.51520000000009
0.175 0 -15.165919999999971
0.175 0.025 -15.016319999999984
0.175 0.05 -16.238279999999996
0.175 0.07500000000000001 -15.332079999999996
0.175 0.1 -14.411999999999983
0.175 0.125 -13.13811999999999
0.175 0.15 -13.43507999999997
0.175 0.175 -11.702399999999983
0.175 0.19999999999999998 -8.398319999999984
0.175 0.22499999999999998 -4.954559999999979
0.175 0.24999999999999997 -1.383999999999972
0.175 0.27499999999999997 2.104840000000017
0.175 0.3 5.865600000000022
0.175 0.325 9.429600000000022
0.175 0.35000000000000003 13.360960000000027
0.175 0.37500000000000006 16.99620000000003
0.175 0.4000000000000001 20.63144000000004
0.175 0.4250000000000001 24.78112000000003
0.175 0.4500000000000001 28.48368000000005
0.175 0.47500000000000014 32.18624000000004
0.175 0.5000000000000001 35.88880000000004
0.175 0.5250000000000001 40.29276000000004
0.175 0.5500000000000002 44.05872000000004
0.175 0.5750000000000002 47.82468000000004
0.175 0.6000000000000002 51.59064000000004
0.175 0.6250000000000002 55.35660000000005
0.175 0.6500000000000002 59.12256000000005
0.175 0.6750000000000003 62.88852000000006
0.175 0.7000000000000003 66.65448000000006
0.175 0.7250000000000003 70.42044000000006
0.175 0.7500000000000003 75.34080000000009
0.175 0.7750000000000004 79.16624000000009
0.175 0.8000000000000004 82.99168000000009
0.175 0.8250000000000004 86.81712000000009
0.175 0.8500000000000004 90.64256000000009
0.175 0.8750000000000004 94.4680000000001
0.175 0.9000000000000005 98.29344000000012
0.175 0.9250000000000005 102.11888000000012
0.175 0.9500000000000005 105.94432000000012
0.175 0.9750000000000005 109.7697600000001
0.175 1.0000000000000004 113.5952000000001
0.19999999999999998 0 -11.233279999999993
0.19999999999999998 0.025 -10.836399999999987
0.19999999999999998 0.05 -12.47231999999999
0.19999999999999998 0.07500000000000001 -11.62951999999999
0.19999999999999998 0.1 -10.638079999999993
0.19999999999999998 0.125 -9.49799999999999
0.19999999999999998 0.15 -9.984319999999986
0.19999999999999998 0.175 -8.39831999999998
0.19999999999999998 0.19999999999999998 -6.662399999999984
0.19999999999999998 0.22499999999999998 -3.36155999999999
0.19999999999999998 0.24999999999999997 0.07520000000002369
0.19999999999999998 0.27499999999999997 3.484960000000015
0.19999999999999998 0.3 7.1236800000000216
0.19999999999999998 0.325 10.86960000000002
0.19999999999999998 0.35000000000000003 14.433600000000034
0.19999999999999998 0.37500000000000006 17.99760000000002
0.19999999999999998 0.4000000000000001 21.981440000000035
0.19999999999999998 0.4250000000000001 25.616680000000024
0.19999999999999998 0.4500000000000001 29.251920000000034
0.19999999999999998 0.47500000000000014 33.44624000000003
0.19999999999999998 0.5000000000000001 37.14880000000003
0.19999999999999998 0.5250000000000001 40.85136000000004
0.19999999999999998 0.5500000000000002 44.553920000000026
0.19999999999999998 0.5750000000000002 48.25648000000004
0.19999999999999998 0.6000000000000002 52.760640000000045
0.19999999999999998 0.6250000000000002 56.52660000000005
0.19999999999999998 0.6500000000000002 60.29256000000005
0.19999999999999998 0.6750000000000003 64.05852000000006
0.19999999999999998 0.7000000000000003 67.82448000000005
0.19999999999999998 0.7250000000000003 71.59044000000006
0.19999999999999998 0.7500000000000003 75.35640000000006
0.19999999999999998 0.7750000000000004 79.12236000000007
0.19999999999999998 0.8000000000000004 82.88832000000008
0.19999999999999998 0.8250000000000004 86.65428000000007
0.19999999999999998 0.8500000000000004 91.7225600000001
0.19999999999999998 0.8750000000000004 95.5480000000001
0.19999999999999998 0.9000000000000005 99.3734400000001
0.19999999999999998 0.9250000000000005 103.1988800000001
0.19999999999999998 0.9500000000000005 107.02432000000012
0.19999999999999998 0.9750000000000005 110.84976000000012
0.19999999999999998 1.0000000000000004 114.6752000000001
0.22499999999999998 0 -7.300639999999987
0.22499999999999998 0.025 -6.955399999999987
0.22499999999999998 0.05 -8.351039999999985
0.22499999999999998 0.07500000000000001 -7.626360000000002
0.22499999999999998 0.1 -7.002839999999988
0.22499999999999998 0.125 -5.9339999999999975
0.22499999999999998 0.15 -6.4028399999999905
0.22499999999999998 0.175 -4.954559999999983
0.22499999999999998 0.19999999999999998 -3.3615599999999866
0.22499999999999998 0.22499999999999998 -1.6223999999999918
0.22499999999999998 0.24999999999999997 1.675200000000018
0.22499999999999998 0.27499999999999997 5.1049600000000055
0.22499999999999998 0.3 8.514720000000018
0.22499999999999998 0.325 12.142520000000019
0.22499999999999998 0.35000000000000003 15.631360000000022
0.22499999999999998 0.37500000000000006 19.43760000000003
0.22499999999999998 0.4000000000000001 23.00160000000004
0.22499999999999998 0.4250000000000001 26.966680000000032
0.22499999999999998 0.4500000000000001 30.601920000000042
0.22499999999999998 0.47500000000000014 34.23716000000004
0.22499999999999998 0.5000000000000001 37.872400000000034
0.22499999999999998 0.5250000000000001 42.11136000000003
0.22499999999999998 0.5500000000000002 45.813920000000046
0.22499999999999998 0.5750000000000002 49.516480000000044
0.22499999999999998 0.6000000000000002 53.21904000000005
0.22499999999999998 0.6250000000000002 56.921600000000055
0.22499999999999998 0.6500000000000002 60.62416000000006
0.22499999999999998 0.6750000000000003 65.22852000000006
0.22499999999999998 0.7000000000000003 68.99448000000007
0.22499999999999998 0.7250000000000003 72.76044000000006
0.22499999999999998 0.7500000000000003 76.52640000000008
0.22499999999999998 0.7750000000000004 80.29236000000009
0.22499999999999998 0.8000000000000004 84.0583200000001
0.22499999999999998 0.8250000000000004 87.82428000000009
0.22499999999999998 0.8500000000000004 91.5902400000001
0.22499999999999998 0.8750000000000004 95.3562000000001
0.22499999999999998 0.9000000000000005 99.1221600000001
0.22499999999999998 0.9250000000000005 102.8881200000001
0.22499999999999998 0.9500000000000005 108.10432000000011
0.22499999999999998 0.9750000000000005 111.9297600000001
0.22499999999999998 1.0000000000000004 115.7552000000001
0.24999999999999997 0 -3.367999999999995
0.24999999999999997 0.025 -3.0743999999999865
0.24999999999999997 0.05 -4.5255999999999865
0.24999999999999997 0.07500000000000001 -3.860399999999995
0.24999999999999997 0.1 -3.0543999999999976
0.24999999999999997 0.125 -2.1075999999999873
0.24999999999999997 0.15 -2.702399999999983
0.24999999999999997 0.175 -1.383999999999979
0.24999999999999997 0.19999999999999998 0.07520000000001303
0.24999999999999997 0.22499999999999998 1.675200000000018
0.24999999999999997 0.24999999999999997 1.9384000000000015
0.24999999999999997 0.27499999999999997 5.232759999999999
0.24999999999999997 0.3 8.559520000000006
0.24999999999999997 0.325 12.065279999999994
0.24999999999999997 0.35000000000000003 15.682160000000017
0.24999999999999997 0.37500000000000006 19.17100000000002
0.24999999999999997 0.4000000000000001 22.962400000000017
0.24999999999999997 0.4250000000000001 26.52640000000001
0.24999999999999997 0.4500000000000001 30.09040000000003
0.24999999999999997 0.47500000000000014 34.10796000000004
0.24999999999999997 0.5000000000000001 37.74320000000004
0.24999999999999997 0.5250000000000001 41.37844000000004
0.24999999999999997 0.5500000000000002 45.01368000000004
0.24999999999999997 0.5750000000000002 48.64892000000004
0.24999999999999997 0.6000000000000002 52.99984000000005
0.24999999999999997 0.6250000000000002 56.702400000000026
0.24999999999999997 0.6500000000000002 60.404960000000045
0.24999999999999997 0.6750000000000003 64.10752000000005
0.24999999999999997 0.7000000000000003 67.81008000000004
0.24999999999999997 0.7250000000000003 71.51264000000006
0.24999999999999997 0.7500000000000003 76.21720000000005
0.24999999999999997 0.7750000000000004 79.98316000000005
0.24999999999999997 0.8000000000000004 83.74912000000006
0.24999999999999997 0.8250000000000004 87.51508000000005
0.24999999999999997 0.8500000000000004 91.28104000000006
0.24999999999999997 0.8750000000000004 95.04700000000007
0.24999999999999997 0.9000000000000005 98.81296000000006
0.24999999999999997 0.9250000000000005 102.57892000000007
0.24999999999999997 0.9500000000000005 106.34488000000007
0.24999999999999997 0.9750000000000005 110.11084000000008
0.24999999999999997 1.0000000000000004 113.87680000000007
0.27499999999999997 0 0.5646400000000114
0.27499999999999997 0.025 0.8065999999999995
0.27499999999999997 0.05 -0.7001600000000003
0.27499999999999997 0.07500000000000001 -0.0944400000000023
0.27499999999999997 0.1 0.6481599999999936
0.27499999999999997 0.125 1.5276400000000017
0.27499999999999997 0.15 0.8616000000000028
0.27499999999999997 0.175 2.10484000000001
0.27499999999999997 0.19999999999999998 3.4849600000000045
0.27499999999999997 0.22499999999999998 5.104960000000002
0.27499999999999997 0.24999999999999997 5.232759999999999
0.27499999999999997 0.27499999999999997 7.05739999999998
0.27499999999999997 0.3 10.359520000000003
0.27499999999999997 0.325 13.686279999999996
0.27499999999999997 0.35000000000000003 17.185040000000015
0.27499999999999997 0.37500000000000006 20.594800000000006
0.27499999999999997 0.4000000000000001 24.27984000000003
0.27499999999999997 0.4250000000000001 27.768680000000018
0.27499999999999997 0.4500000000000001 31.620400000000032
0.27499999999999997 0.47500000000000014 35.18440000000002
0.27499999999999997 0.5000000000000001 38.74840000000001
0.27499999999999997 0.5250000000000001 42.81844000000004
0.27499999999999997 0.5500000000000002 46.45368000000004
0.27499999999999997 0.5750000000000002 50.08892000000004
0.27499999999999997 0.6000000000000002 53.72416000000004
0.27499999999999997 0.6250000000000002 57.359400000000036
0.27499999999999997 0.6500000000000002 61.75496000000004
0.27499999999999997 0.6750000000000003 65.45752000000005
0.27499999999999997 0.7000000000000003 69.16008000000004
0.27499999999999997 0.7250000000000003 72.86264000000006
0.27499999999999997 0.7500000000000003 76.56520000000006
0.27499999999999997 0.7750000000000004 80.26776000000004
0.27499999999999997 0.8000000000000004 83.97032000000006
0.27499999999999997 0.8250000000000004 88.77508000000006
0.27499999999999997 0.8500000000000004 92.54104000000007
0.27499999999999997 0.8750000000000004 96.30700000000007
0.27499999999999997 0.9000000000000005 100.07296000000007
0.27499999999999997 0.9250000000000005 103.83892000000007
0.27499999999999997 0.9500000000000005 107.60488000000008
0.27499999999999997 0.9750000000000005 111.37084000000009
0.27499999999999997 1.0000000000000004 115.13680000000006
0.3 0 4.497280000000032
0.3 0.025 4.687600000000021
0.3 0.05 3.1252800000000143
0.3 0.07500000000000001 3.6715200000000117
0.3 0.1 4.7515200000000135
0.3 0.125 5.5207200000000185
0.3 0.15 4.740480000000019
0.3 0.175 5.865600000000015
0.3 0.19999999999999998 7.1236800000000216
0.3 0.22499999999999998 8.514720000000015
0.3 0.24999999999999997 8.559520000000006
0.3 0.27499999999999997 10.35952
0.3 0.3 12.186400000000006
0.3 0.325 15.436320000000002
0.3 0.35000000000000003 18.81304
0.3 0.37500000000000006 22.30480000000003
0.3 0.4000000000000001 25.71456000000004
0.3 0.4250000000000001 29.388680000000022
0.3 0.4500000000000001 32.877520000000025
0.3 0.47500000000000014 36.36636000000002
0.3 0.5000000000000001 40.27840000000001
0.3 0.5250000000000001 43.842400000000026
0.3 0.5500000000000002 47.40640000000003
0.3 0.5750000000000002 51.528920000000035
0.3 0.6000000000000002 55.16416000000004
0.3 0.6250000000000002 58.799400000000034
0.3 0.6500000000000002 62.43464000000004
0.3 0.6750000000000003 66.06988000000004
0.3 0.7000000000000003 70.51008000000006
0.3 0.7250000000000003 74.21264000000005
0.3 0.7500000000000003 77.91520000000006
0.3 0.7750000000000004 81.61776000000006
0.3 0.8000000000000004 85.32032000000007
0.3 0.8250000000000004 89.02288000000007
0.3 0.8500000000000004 92.72544000000008
0.3 0.8750000000000004 96.42800000000008
0.3 0.9000000000000005 101.33296000000007
0.3 0.9250000000000005 105.09892000000008
0.3 0.9500000000000005 108.86488000000008
0.3 0.9750000000000005 112.63084000000009
0.3 1.0000000000000004 116.39680000000008
0.325 0 8.429920000000017
0.325 0.025 8.568600000000007
0.325 0.05 6.950720000000015
0.325 0.07500000000000001 7.940720000000013
0.325 0.1 8.517480000000006
0.325 0.125 9.22328000000001
0.325 0.15 8.375720000000015
0.325 0.175 9.429600000000008
0.325 0.19999999999999998 10.869600000000005
0.325 0.22499999999999998 12.142520000000005
0.325 0.24999999999999997 12.065280000000001
0.325 0.27499999999999997 13.686279999999993
0.325 0.3 15.43632000000001
0.325 0.325 17.32840000000001
0.325 0.35000000000000003 20.56616000000001
0.325 0.37500000000000006 23.93980000000002
0.325 0.4000000000000001 27.42456000000002
0.325 0.4250000000000001 30.834320000000012
0.325 0.4500000000000001 34.49752000000003
0.325 0.47500000000000014 37.986360000000026
0.325 0.5000000000000001 41.47520000000002
0.325 0.5250000000000001 45.37240000000003
0.325 0.5500000000000002 48.936400000000035
0.325 0.5750000000000002 52.50040000000003
0.325 0.6000000000000002 56.064400000000035
0.325 0.6250000000000002 60.239400000000046
0.325 0.6500000000000002 63.87464000000005
0.325 0.6750000000000003 67.50988000000007
0.325 0.7000000000000003 71.14512000000006
0.325 0.7250000000000003 74.78036000000006
0.325 0.7500000000000003 78.41560000000007
0.325 0.7750000000000004 82.96776000000006
0.325 0.8000000000000004 86.67032000000006
0.325 0.8250000000000004 90.37288000000007
0.325 0.8500000000000004 94.07544000000007
0.325 0.8750000000000004 97.77800000000008
0.325 0.9000000000000005 101.48056000000007
0.325 0.9250000000000005 105.18312000000009
0.325 0.9500000000000005 108.88568000000008
0.325 0.9750000000000005 113.89084000000008
0.325 1.0000000000000004 117.65680000000008
0.35000000000000003 0 12.362560000000023
0.35000000000000003 0.025 12.449600000000022
0.35000000000000003 0.05 10.77616000000003
0.35000000000000003 0.07500000000000001 11.766160000000028
0.35000000000000003 0.1 12.28344000000002
0.35000000000000003 0.125 12.925840000000015
0.35000000000000003 0.15 12.41344000000002
0.35000000000000003 0.175 13.360960000000034
0.35000000000000003 0.19999999999999998 14.43360000000002
0.35000000000000003 0.22499999999999998 15.631360000000022
0.35000000000000003 0.24999999999999997 15.68216000000001
0.35000000000000003 0.27499999999999997 17.185040000000008
0.35000000000000003 0.3 18.813040000000008
0.35000000000000003 0.325 20.566160000000018
0.35000000000000003 0.35000000000000003 21.18240000000001
0.35000000000000003 0.37500000000000006 24.420000000000016
0.35000000000000003 0.4000000000000001 27.790560000000028
0.35000000000000003 0.4250000000000001 31.268320000000024
0.35000000000000003 0.4500000000000001 34.67808000000004
0.35000000000000003 0.47500000000000014 38.08784000000003
0.35000000000000003 0.5000000000000001 41.81920000000003
0.35000000000000003 0.5250000000000001 45.30804000000003
0.35000000000000003 0.5500000000000002 48.79688000000004
0.35000000000000003 0.5750000000000002 52.75440000000003
0.35000000000000003 0.6000000000000002 56.31840000000004
0.35000000000000003 0.6250000000000002 59.88240000000003
0.35000000000000003 0.6500000000000002 63.44640000000003
0.35000000000000003 0.6750000000000003 67.67388000000005
0.35000000000000003 0.7000000000000003 71.30912000000005
0.35000000000000003 0.7250000000000003 74.94436000000005
0.35000000000000003 0.7500000000000003 78.57960000000006
0.35000000000000003 0.7750000000000004 82.21484000000005
0.35000000000000003 0.8000000000000004 85.85008000000008
0.35000000000000003 0.8250000000000004 90.44688000000005
0.35000000000000003 0.8500000000000004 94.14944000000006
0.35000000000000003 0.8750000000000004 97.85200000000007
0.35000000000000003 0.9000000000000005 101.55456000000007
0.35000000000000003 0.9250000000000005 105.25712000000007
0.35000000000000003 0.9500000000000005 108.95968000000008
0.35000000000000003 0.9750000000000005 112.66224000000008
0.35000000000000003 1.0000000000000004 116.36480000000007
0.37500000000000006 0 16.295200000000023
0.37500000000000006 0.025 16.330600000000015
0.37500000000000006 0.05 15.25500000000001
0.37500000000000006 0.07500000000000001 15.591600000000014
0.37500000000000006 0.1 16.049400000000013
0.37500000000000006 0.125 17.12940000000001
0.37500000000000006 0.15 16.116000000000025
0.37500000000000006 0.175 16.99620000000003
0.37500000000000006 0.19999999999999998 17.99760000000002
0.37500000000000006 0.22499999999999998 19.43760000000002
0.37500000000000006 0.24999999999999997 19.171000000000006
0.37500000000000006 0.27499999999999997 20.594800000000014
0.37500000000000006 0.3 22.304800000000025
0.37500000000000006 0.325 23.939800000000012
0.37500000000000006 0.35000000000000003 24.42000000000001
0.37500000000000006 0.37500000000000006 26.402400000000014
0.37500000000000006 0.4000000000000001 29.63984000000002
0.37500000000000006 0.4250000000000001 33.00732000000002
0.37500000000000006 0.4500000000000001 36.33408000000003
0.37500000000000006 0.47500000000000014 39.887840000000025
0.37500000000000006 0.5000000000000001 43.297600000000024
0.37500000000000006 0.5250000000000001 47.018040000000035
0.37500000000000006 0.5500000000000002 50.50688000000003
0.37500000000000006 0.5750000000000002 53.99572000000004
0.37500000000000006 0.6000000000000002 57.93840000000003
0.37500000000000006 0.6250000000000002 61.50240000000004
0.37500000000000006 0.6500000000000002 65.06640000000004
0.37500000000000006 0.6750000000000003 68.63040000000004
0.37500000000000006 0.7000000000000003 72.19440000000006
0.37500000000000006 0.7250000000000003 76.47436000000005
0.37500000000000006 0.7500000000000003 80.10960000000006
0.37500000000000006 0.7750000000000004 83.74484000000005
0.37500000000000006 0.8000000000000004 87.38008000000008
0.37500000000000006 0.8250000000000004 91.01532000000007
0.37500000000000006 0.8500000000000004 94.65056000000008
0.37500000000000006 0.8750000000000004 99.29200000000009
0.37500000000000006 0.9000000000000005 102.99456000000008
0.37500000000000006 0.9250000000000005 106.6971200000001
0.37500000000000006 0.9500000000000005 110.39968000000009
0.37500000000000006 0.9750000000000005 114.1022400000001
0.37500000000000006 1.0000000000000004 117.80480000000009
0.4000000000000001 0 20.22784000000003
0.4000000000000001 0.025 20.21160000000003
0.4000000000000001 0.05 19.136000000000024
0.4000000000000001 0.07500000000000001 19.417040000000036
0.4000000000000001 0.1 19.815360000000027
0.4000000000000001 0.125 20.895360000000025
0.4000000000000001 0.15 19.81856000000003
0.4000000000000001 0.175 20.63144000000004
0.4000000000000001 0.19999999999999998 21.981440000000035
0.4000000000000001 0.22499999999999998 23.00160000000003
0.4000000000000001 0.24999999999999997 22.962400000000017
0.4000000000000001 0.27499999999999997 24.27984000000002
0.4000000000000001 0.3 25.71456000000003
0.4000000000000001 0.325 27.42456000000003
0.4000000000000001 0.35000000000000003 27.790560000000028
0.4000000000000001 0.37500000000000006 29.63984000000002
0.4000000000000001 0.4000000000000001 31.606400000000015
0.4000000000000001 0.4250000000000001 34.85968000000002
0.4000000000000001 0.4500000000000001 38.22408000000003
0.4000000000000001 0.47500000000000014 41.55084000000002
0.4000000000000001 0.5000000000000001 45.09760000000002
0.4000000000000001 0.5250000000000001 48.50736000000003
0.4000000000000001 0.5500000000000002 51.91712000000004
0.4000000000000001 0.5750000000000002 55.70572000000005
0.4000000000000001 0.6000000000000002 59.19456000000005
0.4000000000000001 0.6250000000000002 62.68340000000005
0.4000000000000001 0.6500000000000002 66.68640000000005
0.4000000000000001 0.6750000000000003 70.25040000000004
0.4000000000000001 0.7000000000000003 73.81440000000006
0.4000000000000001 0.7250000000000003 77.37840000000006
0.4000000000000001 0.7500000000000003 80.94240000000005
0.4000000000000001 0.7750000000000004 85.27484000000008
0.4000000000000001 0.8000000000000004 88.91008000000008
0.4000000000000001 0.8250000000000004 92.54532000000009
0.4000000000000001 0.8500000000000004 96.18056000000009
0.4000000000000001 0.8750000000000004 99.81580000000008
0.4000000000000001 0.9000000000000005 103.45104000000009
0.4000000000000001 0.9250000000000005 108.13712000000008
0.4000000000000001 0.9500000000000005 111.83968000000007
0.4000000000000001 0.9750000000000005 115.54224000000009
0.4000000000000001 1.0000000000000004 119.24480000000007
0.4250000000000001 0 24.160480000000028
0.4250000000000001 0.025 24.092600000000036
0.4250000000000001 0.05 23.017000000000017
0.4250000000000001 0.07500000000000001 23.24248000000003
0.4250000000000001 0.1 24.232480000000027
0.4250000000000001 0.125 24.661320000000018
0.4250000000000001 0.15 23.52112000000002
0.4250000000000001 0.175 24.781120000000026
0.4250000000000001 0.19999999999999998 25.616680000000024
0.4250000000000001 0.22499999999999998 26.966680000000025
0.4250000000000001 0.24999999999999997 26.52640000000001
0.4250000000000001 0.27499999999999997 27.768680000000025
0.4250000000000001 0.3 29.388680000000026
0.4250000000000001 0.325 30.834320000000023
0.4250000000000001 0.35000000000000003 31.268320000000028
0.4250000000000001 0.37500000000000006 33.007320000000014
0.4250000000000001 0.4000000000000001 34.859680000000026
0.4250000000000001 0.4250000000000001 36.842400000000026
0.4250000000000001 0.4500000000000001 40.07952000000004
0.4250000000000001 0.47500000000000014 43.44084000000002
0.4250000000000001 0.5000000000000001 46.76760000000002
0.4250000000000001 0.5250000000000001 50.30736000000004
0.4250000000000001 0.5500000000000002 53.71712000000004
0.4250000000000001 0.5750000000000002 57.12688000000004
0.4250000000000001 0.6000000000000002 60.90456000000003
0.4250000000000001 0.6250000000000002 64.39340000000004
0.4250000000000001 0.6500000000000002 67.88224000000005
0.4250000000000001 0.6750000000000003 71.37108000000005
0.4250000000000001 0.7000000000000003 75.43440000000007
0.4250000000000001 0.7250000000000003 78.99840000000006
0.4250000000000001 0.7500000000000003 82.56240000000005
0.4250000000000001 0.7750000000000004 86.12640000000006
0.4250000000000001 0.8000000000000004 89.69040000000007
0.4250000000000001 0.8250000000000004 94.07532000000008
0.4250000000000001 0.8500000000000004 97.71056000000009
0.4250000000000001 0.8750000000000004 101.34580000000008
0.4250000000000001 0.9000000000000005 104.98104000000009
0.4250000000000001 0.9250000000000005 108.61628000000009
0.4250000000000001 0.9500000000000005 112.2515200000001
0.4250000000000001 0.9750000000000005 115.8867600000001
0.4250000000000001 1.0000000000000004 120.6848000000001
0.4500000000000001 0 28.09312000000004
0.4500000000000001 0.025 27.973600000000044
0.4500000000000001 0.05 26.898000000000025
0.4500000000000001 0.07500000000000001 27.067920000000036
0.4500000000000001 0.1 28.057920000000035
0.4500000000000001 0.125 28.42728000000003
0.4500000000000001 0.15 27.82488000000004
0.4500000000000001 0.175 28.48368000000003
0.4500000000000001 0.19999999999999998 29.251920000000034
0.4500000000000001 0.22499999999999998 30.601920000000035
0.4500000000000001 0.24999999999999997 30.090400000000017
0.4500000000000001 0.27499999999999997 31.620400000000014
0.4500000000000001 0.3 32.87752000000003
0.4500000000000001 0.325 34.49752000000002
0.4500000000000001 0.35000000000000003 34.67808000000004
0.4500000000000001 0.37500000000000006 36.33408000000002
0.4500000000000001 0.4000000000000001 38.22408000000003
0.4500000000000001 0.4250000000000001 40.07952000000003
0.4500000000000001 0.4500000000000001 40.989600000000046
0.4500000000000001 0.47500000000000014 44.226560000000035
0.4500000000000001 0.5000000000000001 47.58480000000004
0.4500000000000001 0.5250000000000001 50.91156000000005
0.4500000000000001 0.5500000000000002 54.44432000000005
0.4500000000000001 0.5750000000000002 57.85408000000005
0.4500000000000001 0.6000000000000002 61.26384000000005
0.4500000000000001 0.6250000000000002 65.03060000000006
0.4500000000000001 0.6500000000000002 68.51944000000006
0.4500000000000001 0.6750000000000003 72.00828000000007
0.4500000000000001 0.7000000000000003 75.49712000000008
0.4500000000000001 0.7250000000000003 79.54560000000008
0.4500000000000001 0.7500000000000003 83.10960000000009
0.4500000000000001 0.7750000000000004 86.67360000000008
0.4500000000000001 0.8000000000000004 90.23760000000007
0.4500000000000001 0.8250000000000004 93.8016000000001
0.4500000000000001 0.8500000000000004 98.16776000000009
0.4500000000000001 0.8750000000000004 101.80300000000008
0.4500000000000001 0.9000000000000005 105.43824000000009
0.4500000000000001 0.9250000000000005 109.0734800000001
0.4500000000000001 0.9500000000000005 112.70872000000011
0.4500000000000001 0.9750000000000005 116.34396000000012
0.4500000000000001 1.0000000000000004 119.9792000000001
0.47500000000000014 0 32.02576000000004
0.47500000000000014 0.025 31.854600000000037
0.47500000000000014 0.05 30.779000000000032
0.47500000000000014 0.07500000000000001 30.89336000000003
0.47500000000000014 0.1 31.883360000000028
0.47500000000000014 0.125 32.193240000000024
0.47500000000000014 0.15 31.590840000000032
0.47500000000000014 0.175 32.18624000000004
0.47500000000000014 0.19999999999999998 33.44624000000003
0.47500000000000014 0.22499999999999998 34.23716000000003
0.47500000000000014 0.24999999999999997 34.107960000000034
0.47500000000000014 0.27499999999999997 35.18440000000001
0.47500000000000014 0.3 36.36636000000003
0.47500000000000014 0.325 37.98636000000002
0.47500000000000014 0.35000000000000003 38.08784000000003
0.47500000000000014 0.37500000000000006 39.887840000000025
0.47500000000000014 0.4000000000000001 41.550840000000015
0.47500000000000014 0.4250000000000001 43.440840000000016
0.47500000000000014 0.4500000000000001 44.22656000000004
0.47500000000000014 0.47500000000000014 46.28060000000004
0.47500000000000014 0.5000000000000001 49.536400000000036
0.47500000000000014 0.5250000000000001 52.89156000000004
0.47500000000000014 0.5500000000000002 56.21832000000004
0.47500000000000014 0.5750000000000002 59.54508000000004
0.47500000000000014 0.6000000000000002 63.15384000000005
0.47500000000000014 0.6250000000000002 66.56360000000005
0.47500000000000014 0.6500000000000002 69.97336000000006
0.47500000000000014 0.6750000000000003 73.80828000000007
0.47500000000000014 0.7000000000000003 77.29712000000006
0.47500000000000014 0.7250000000000003 80.78596000000006
0.47500000000000014 0.7500000000000003 84.27480000000007
0.47500000000000014 0.7750000000000004 88.38360000000006
0.47500000000000014 0.8000000000000004 91.94760000000007
0.47500000000000014 0.8250000000000004 95.51160000000007
0.47500000000000014 0.8500000000000004 99.07560000000007
0.47500000000000014 0.8750000000000004 102.63960000000009
0.47500000000000014 0.9000000000000005 107.0582400000001
0.47500000000000014 0.9250000000000005 110.6934800000001
0.47500000000000014 0.9500000000000005 114.3287200000001
0.47500000000000014 0.9750000000000005 117.96396000000011
0.47500000000000014 1.0000000000000004 121.5992000000001
0.5000000000000001 0 35.95840000000003
0.5000000000000001 0.025 35.735600000000034
0.5000000000000001 0.05 34.66000000000002
0.5000000000000001 0.07500000000000001 34.71880000000002
0.5000000000000001 0.1 35.708800000000025
0.5000000000000001 0.125 35.959200000000024
0.5000000000000001 0.15 35.356800000000035
0.5000000000000001 0.175 35.88880000000003
0.5000000000000001 0.19999999999999998 37.14880000000002
0.5000000000000001 0.22499999999999998 37.87240000000003
0.5000000000000001 0.24999999999999997 37.74320000000003
0.5000000000000001 0.27499999999999997 38.74840000000002
0.5000000000000001 0.3 40.27840000000003
0.5000000000000001 0.325 41.47520000000003
0.5000000000000001 0.35000000000000003 41.81920000000003
0.5000000000000001 0.37500000000000006 43.29760000000003
0.5000000000000001 0.4000000000000001 45.097600000000035
0.5000000000000001 0.4250000000000001 46.76760000000004
0.5000000000000001 0.4500000000000001 47.584800000000044
0.5000000000000001 0.47500000000000014 49.53640000000004
0.5000000000000001 0.5000000000000001 51.58960000000004
0.5000000000000001 0.5250000000000001 54.84624000000004
0.5000000000000001 0.5500000000000002 58.198320000000045
0.5000000000000001 0.5750000000000002 61.525080000000045
0.5000000000000001 0.6000000000000002 64.85184000000005
0.5000000000000001 0.6250000000000002 68.45360000000007
0.5000000000000001 0.6500000000000002 71.86336000000007
0.5000000000000001 0.6750000000000003 75.27312000000006
0.5000000000000001 0.7000000000000003 79.09712000000006
0.5000000000000001 0.7250000000000003 82.58596000000007
0.5000000000000001 0.7500000000000003 86.07480000000007
0.5000000000000001 0.7750000000000004 89.56364000000006
0.5000000000000001 0.8000000000000004 93.65760000000006
0.5000000000000001 0.8250000000000004 97.22160000000008
0.5000000000000001 0.8500000000000004 100.78560000000007
0.5000000000000001 0.8750000000000004 104.34960000000007
0.5000000000000001 0.9000000000000005 107.91360000000009
0.5000000000000001 0.9250000000000005 111.4776000000001
0.5000000000000001 0.9500000000000005 115.94872000000011
0.5000000000000001 0.9750000000000005 119.5839600000001
0.5000000000000001 1.0000000000000004 123.2192000000001
0.5250000000000001 0 39.89104000000003
0.5250000000000001 0.025 39.61660000000005
0.5250000000000001 0.05 38.541000000000025
0.5250000000000001 0.07500000000000001 38.54424000000004
0.5250000000000001 0.1 39.53424000000004
0.5250000000000001 0.125 39.72516000000003
0.5250000000000001 0.15 39.12276000000004
0.5250000000000001 0.175 40.292760000000044
0.5250000000000001 0.19999999999999998 40.85136000000003
0.5250000000000001 0.22499999999999998 42.11136000000003
0.5250000000000001 0.24999999999999997 41.37844000000004
0.5250000000000001 0.27499999999999997 42.818440000000024
0.5250000000000001 0.3 43.842400000000026
0.5250000000000001 0.325 45.37240000000003
0.5250000000000001 0.35000000000000003 45.30804000000004
0.5250000000000001 0.37500000000000006 47.01804000000003
0.5250000000000001 0.4000000000000001 48.50736000000004
0.5250000000000001 0.4250000000000001 50.30736000000003
0.5250000000000001 0.4500000000000001 50.91156000000005
0.5250000000000001 0.47500000000000014 52.891560000000055
0.5250000000000001 0.5000000000000001 54.84624000000004
0.5250000000000001 0.5250000000000001 56.919600000000045
0.5250000000000001 0.5500000000000002 60.156080000000046
0.5250000000000001 0.5750000000000002 63.50508000000005
0.5250000000000001 0.6000000000000002 66.83184000000006
0.5250000000000001 0.6250000000000002 70.15860000000005
0.5250000000000001 0.6500000000000002 73.75336000000006
0.5250000000000001 0.6750000000000003 77.16312000000005
0.5250000000000001 0.7000000000000003 80.57288000000005
0.5250000000000001 0.7250000000000003 84.38596000000008
0.5250000000000001 0.7500000000000003 87.87480000000008
0.5250000000000001 0.7750000000000004 91.36364000000009
0.5250000000000001 0.8000000000000004 94.8524800000001
0.5250000000000001 0.8250000000000004 98.3413200000001
0.5250000000000001 0.8500000000000004 102.49560000000008
0.5250000000000001 0.8750000000000004 106.05960000000007
0.5250000000000001 0.9000000000000005 109.6236000000001
0.5250000000000001 0.9250000000000005 113.1876000000001
0.5250000000000001 0.9500000000000005 116.7516000000001
0.5250000000000001 0.9750000000000005 120.3156000000001
0.5250000000000001 1.0000000000000004 124.8392000000001
0.5500000000000002 0 43.823680000000046
0.5500000000000002 0.025 43.49760000000005
0.5500000000000002 0.05 42.422000000000025
0.5500000000000002 0.07500000000000001 43.32200000000003
0.5500000000000002 0.1 43.35968000000004
0.5500000000000002 0.125 44.34968000000004
0.5500000000000002 0.15 42.88872000000005
0.5500000000000002 0.175 44.05872000000004
0.5500000000000002 0.19999999999999998 44.55392000000003
0.5500000000000002 0.22499999999999998 45.81392000000004
0.5500000000000002 0.24999999999999997 45.013680000000036
0.5500000000000002 0.27499999999999997 46.453680000000034
0.5500000000000002 0.3 47.40640000000002
0.5500000000000002 0.325 48.93640000000002
0.5500000000000002 0.35000000000000003 48.79688000000004
0.5500000000000002 0.37500000000000006 50.506880000000024
0.5500000000000002 0.4000000000000001 51.91712000000003
0.5500000000000002 0.4250000000000001 53.71712000000004
0.5500000000000002 0.4500000000000001 54.44432000000005
0.5500000000000002 0.47500000000000014 56.21832000000005
0.5500000000000002 0.5000000000000001 58.19832000000004
0.5500000000000002 0.5250000000000001 60.156080000000046
0.5500000000000002 0.5500000000000002 61.33800000000004
0.5500000000000002 0.5750000000000002 64.59632000000002
0.5500000000000002 0.6000000000000002 67.94224000000006
0.5500000000000002 0.6250000000000002 71.26900000000005
0.5500000000000002 0.6500000000000002 74.59576000000007
0.5500000000000002 0.6750000000000003 78.18352000000004
0.5500000000000002 0.7000000000000003 81.59328000000005
0.5500000000000002 0.7250000000000003 85.00304000000006
0.5500000000000002 0.7500000000000003 88.41280000000008
0.5500000000000002 0.7750000000000004 92.29404000000007
0.5500000000000002 0.8000000000000004 95.78288000000008
0.5500000000000002 0.8250000000000004 99.27172000000009
0.5500000000000002 0.8500000000000004 102.76056000000008
0.5500000000000002 0.8750000000000004 106.90000000000009
0.5500000000000002 0.9000000000000005 110.4640000000001
0.5500000000000002 0.9250000000000005 114.02800000000009
0.5500000000000002 0.9500000000000005 117.59200000000008
0.5500000000000002 0.9750000000000005 121.1560000000001
0.5500000000000002 1.0000000000000004 124.72000000000008
0.5750000000000002 0 47.75632000000006
0.5750000000000002 0.025 47.37860000000005
0.5750000000000002 0.05 46.30300000000004
0.5750000000000002 0.07500000000000001 47.203000000000046
0.5750000000000002 0.1 47.18512000000007
0.5750000000000002 0.125 48.175120000000064
0.5750000000000002 0.15 46.654680000000056
0.5750000000000002 0.175 47.82468000000004
0.5750000000000002 0.19999999999999998 48.25648000000004
0.5750000000000002 0.22499999999999998 49.516480000000044
0.5750000000000002 0.24999999999999997 48.64892000000003
0.5750000000000002 0.27499999999999997 50.088920000000016
0.5750000000000002 0.3 51.528920000000035
0.5750000000000002 0.325 52.50040000000004
0.5750000000000002 0.35000000000000003 52.75440000000004
0.5750000000000002 0.37500000000000006 53.995720000000034
0.5750000000000002 0.4000000000000001 55.70572000000003
0.5750000000000002 0.4250000000000001 57.12688000000004
0.5750000000000002 0.4500000000000001 57.85408000000005
0.5750000000000002 0.47500000000000014 59.54508000000004
0.5750000000000002 0.5000000000000001 61.525080000000045
0.5750000000000002 0.5250000000000001 63.50508000000005
0.5750000000000002 0.5500000000000002 64.59632000000002
0.5750000000000002 0.5750000000000002 66.76000000000005
0.5750000000000002 0.6000000000000002 69.99616000000006
0.5750000000000002 0.6250000000000002 73.33900000000004
0.5750000000000002 0.6500000000000002 76.66576000000006
0.5750000000000002 0.6750000000000003 79.99252000000006
0.5750000000000002 0.7000000000000003 83.57328000000007
0.5750000000000002 0.7250000000000003 86.98304000000007
0.5750000000000002 0.7500000000000003 90.39280000000008
0.5750000000000002 0.7750000000000004 93.80256000000008
0.5750000000000002 0.8000000000000004 97.67288000000008
0.5750000000000002 0.8250000000000004 101.16172000000009
0.5750000000000002 0.8500000000000004 104.6505600000001
0.5750000000000002 0.8750000000000004 108.13940000000008
0.5750000000000002 0.9000000000000005 111.62824000000008
0.5750000000000002 0.9250000000000005 115.82800000000009
0.5750000000000002 0.9500000000000005 119.3920000000001
0.5750000000000002 0.9750000000000005 122.95600000000009
0.5750000000000002 1.0000000000000004 126.52000000000007
0.6000000000000002 0 51.68896000000005
0.6000000000000002 0.025 51.25960000000006
0.6000000000000002 0.05 50.18400000000004
0.6000000000000002 0.07500000000000001 51.084000000000046
0.6000000000000002 0.1 51.010560000000055
0.6000000000000002 0.125 52.00056000000005
0.6000000000000002 0.15 50.42064000000005
0.6000000000000002 0.175 51.590640000000036
0.6000000000000002 0.19999999999999998 52.76064000000004
0.6000000000000002 0.22499999999999998 53.21904000000005
0.6000000000000002 0.24999999999999997 52.99984000000005
0.6000000000000002 0.27499999999999997 53.724160000000026
0.6000000000000002 0.3 55.164160000000045
0.6000000000000002 0.325 56.064400000000035
0.6000000000000002 0.35000000000000003 56.31840000000003
0.6000000000000002 0.37500000000000006 57.93840000000003
0.6000000000000002 0.4000000000000001 59.19456000000004
0.6000000000000002 0.4250000000000001 60.904560000000046
0.6000000000000002 0.4500000000000001 61.263840000000044
0.6000000000000002 0.47500000000000014 63.153840000000045
0.6000000000000002 0.5000000000000001 64.85184000000005
0.6000000000000002 0.5250000000000001 66.83184000000006
0.6000000000000002 0.5500000000000002 67.94224000000006
0.6000000000000002 0.5750000000000002 69.99616000000005
0.6000000000000002 0.6000000000000002 72.16000000000005
0.6000000000000002 0.6250000000000002 75.39600000000006
0.6000000000000002 0.6500000000000002 78.63584000000006
0.6000000000000002 0.6750000000000003 82.06252000000006
0.6000000000000002 0.7000000000000003 85.38928000000007
0.6000000000000002 0.7250000000000003 88.71604000000006
0.6000000000000002 0.7500000000000003 92.37280000000007
0.6000000000000002 0.7750000000000004 95.78256000000007
0.6000000000000002 0.8000000000000004 99.19232000000007
0.6000000000000002 0.8250000000000004 102.60208000000007
0.6000000000000002 0.8500000000000004 106.54056000000008
0.6000000000000002 0.8750000000000004 110.0294000000001
0.6000000000000002 0.9000000000000005 113.51824000000009
0.6000000000000002 0.9250000000000005 117.00708000000009
0.6000000000000002 0.9500000000000005 120.49592000000008
0.6000000000000002 0.9750000000000005 124.7560000000001
0.6000000000000002 1.0000000000000004 128.32000000000008
0.6250000000000002 0 55.62160000000006
0.6250000000000002 0.025 56.34160000000005
0.6250000000000002 0.05 54.06500000000004
0.6250000000000002 0.07500000000000001 54.965000000000046
0.6250000000000002 0.1 54.83600000000007
0.6250000000000002 0.125 55.826000000000064
0.6250000000000002 0.15 54.186600000000055
0.6250000000000002 0.175 55.35660000000004
0.6250000000000002 0.19999999999999998 56.526600000000045
0.6250000000000002 0.22499999999999998 56.921600000000055
0.6250000000000002 0.24999999999999997 56.702400000000026
0.6250000000000002 0.27499999999999997 57.359400000000036
0.6250000000000002 0.3 58.79940000000003
0.6250000000000002 0.325 60.23940000000004
0.6250000000000002 0.35000000000000003 59.882400000000025
0.6250000000000002 0.37500000000000006 61.50240000000002
0.6250000000000002 0.4000000000000001 62.68340000000005
0.6250000000000002 0.4250000000000001 64.39340000000004
0.6250000000000002 0.4500000000000001 65.03060000000005
0.6250000000000002 0.47500000000000014 66.56360000000006
0.6250000000000002 0.5000000000000001 68.45360000000005
0.6250000000000002 0.5250000000000001 70.15860000000005
0.6250000000000002 0.5500000000000002 71.26900000000005
0.6250000000000002 0.5750000000000002 73.33900000000006
0.6250000000000002 0.6000000000000002 75.39600000000004
0.6250000000000002 0.6250000000000002 77.53500000000004
0.6250000000000002 0.6500000000000002 80.79584000000006
0.6250000000000002 0.6750000000000003 84.03568000000007
0.6250000000000002 0.7000000000000003 87.45928000000008
0.6250000000000002 0.7250000000000003 90.78604000000007
0.6250000000000002 0.7500000000000003 94.11280000000008
0.6250000000000002 0.7750000000000004 97.7625600000001
0.6250000000000002 0.8000000000000004 101.17232000000008
0.6250000000000002 0.8250000000000004 104.58208000000009
0.6250000000000002 0.8500000000000004 107.9918400000001
0.6250000000000002 0.8750000000000004 111.91940000000008
0.6250000000000002 0.9000000000000005 115.40824000000008
0.6250000000000002 0.9250000000000005 118.89708000000009
0.6250000000000002 0.9500000000000005 122.3859200000001
0.6250000000000002 0.9750000000000005 125.8747600000001
0.6250000000000002 1.0000000000000004 130.1200000000001
0.6500000000000002 0 59.554240000000064
0.6500000000000002 0.025 60.274240000000056
0.6500000000000002 0.05 57.94600000000004
0.6500000000000002 0.07500000000000001 58.846000000000046
0.6500000000000002 0.1 58.661440000000056
0.6500000000000002 0.125 59.65144000000005
0.6500000000000002 0.15 58.95904000000005
0.6500000000000002 0.175 59.12256000000005
0.6500000000000002 0.19999999999999998 60.29256000000005
0.6500000000000002 0.22499999999999998 60.62416000000006
0.6500000000000002 0.24999999999999997 60.404960000000045
0.6500000000000002 0.27499999999999997 61.75496000000004
0.6500000000000002 0.3 62.43464000000004
0.6500000000000002 0.325 63.87464000000002
0.6500000000000002 0.35000000000000003 63.44640000000003
0.6500000000000002 0.37500000000000006 65.06640000000003
0.6500000000000002 0.4000000000000001 66.68640000000005
0.6500000000000002 0.4250000000000001 67.88224000000004
0.6500000000000002 0.4500000000000001 68.51944000000006
0.6500000000000002 0.47500000000000014 69.97336000000007
0.6500000000000002 0.5000000000000001 71.86336000000006
0.6500000000000002 0.5250000000000001 73.75336000000007
0.6500000000000002 0.5500000000000002 74.59576000000007
0.6500000000000002 0.5750000000000002 76.66576000000006
0.6500000000000002 0.6000000000000002 78.63584000000004
0.6500000000000002 0.6250000000000002 80.79584000000006
0.6500000000000002 0.6500000000000002 82.26760000000006
0.6500000000000002 0.6750000000000003 85.52928000000007
0.6500000000000002 0.7000000000000003 88.76912000000007
0.6500000000000002 0.7250000000000003 92.18964000000008
0.6500000000000002 0.7500000000000003 95.51640000000009
0.6500000000000002 0.7750000000000004 98.8431600000001
0.6500000000000002 0.8000000000000004 102.48592000000009
0.6500000000000002 0.8250000000000004 105.8956800000001
0.6500000000000002 0.8500000000000004 109.3054400000001
0.6500000000000002 0.8750000000000004 112.7152000000001
0.6500000000000002 0.9000000000000005 116.63184000000008
0.6500000000000002 0.9250000000000005 120.12068000000009
0.6500000000000002 0.9500000000000005 123.6095200000001
0.6500000000000002 0.9750000000000005 127.0983600000001
0.6500000000000002 1.0000000000000004 130.58720000000008
0.6750000000000003 0 63.48688000000007
0.6750000000000003 0.025 64.20688000000007
0.6750000000000003 0.05 61.827000000000055
0.6750000000000003 0.07500000000000001 62.72700000000006
0.6750000000000003 0.1 62.486880000000056
0.6750000000000003 0.125 63.47688000000005
0.6750000000000003 0.15 62.78448000000005
0.6750000000000003 0.175 62.88852000000006
0.6750000000000003 0.19999999999999998 64.05852000000006
0.6750000000000003 0.22499999999999998 65.22852000000006
0.6750000000000003 0.24999999999999997 64.10752000000005
0.6750000000000003 0.27499999999999997 65.45752000000005
0.6750000000000003 0.3 66.06988000000004
0.6750000000000003 0.325 67.50988000000007
0.6750000000000003 0.35000000000000003 67.67388000000005
0.6750000000000003 0.37500000000000006 68.63040000000005
0.6750000000000003 0.4000000000000001 70.25040000000007
0.6750000000000003 0.4250000000000001 71.37108000000006
0.6750000000000003 0.4500000000000001 72.00828000000007
0.6750000000000003 0.47500000000000014 73.80828000000005
0.6750000000000003 0.5000000000000001 75.27312000000006
0.6750000000000003 0.5250000000000001 77.16312000000005
0.6750000000000003 0.5500000000000002 78.18352000000006
0.6750000000000003 0.5750000000000002 79.99252000000007
0.6750000000000003 0.6000000000000002 82.06252000000006
0.6750000000000003 0.6250000000000002 84.03568000000007
0.6750000000000003 0.6500000000000002 85.52928000000009
0.6750000000000003 0.6750000000000003 87.78360000000006
0.6750000000000003 0.7000000000000003 91.01912000000007
0.6750000000000003 0.7250000000000003 94.25896000000006
0.6750000000000003 0.7500000000000003 97.67640000000009
0.6750000000000003 0.7750000000000004 101.0031600000001
0.6750000000000003 0.8000000000000004 104.3299200000001
0.6750000000000003 0.8250000000000004 107.96568000000009
0.6750000000000003 0.8500000000000004 111.3754400000001
0.6750000000000003 0.8750000000000004 114.78520000000009
0.6750000000000003 0.9000000000000005 118.1949600000001
0.6750000000000003 0.9250000000000005 121.6047200000001
0.6750000000000003 0.9500000000000005 125.58952000000012
0.6750000000000003 0.9750000000000005 129.07836000000012
0.6750000000000003 1.0000000000000004 132.5672000000001
0.7000000000000003 0 67.41952000000006
0.7000000000000003 0.025 68.13952000000006
0.7000000000000003 0.05 65.70800000000007
0.7000000000000003 0.07500000000000001 66.60800000000008
0.7000000000000003 0.1 66.31232000000007
0.7000000000000003 0.125 67.30232000000007
0.7000000000000003 0.15 66.60992000000007
0.7000000000000003 0.175 66.65448000000006
0.7000000000000003 0.19999999999999998 67.82448000000007
0.7000000000000003 0.22499999999999998 68.99448000000007
0.7000000000000003 0.24999999999999997 67.81008000000004
0.7000000000000003 0.27499999999999997 69.16008000000004
0.7000000000000003 0.3 70.51008000000004
0.7000000000000003 0.325 71.14512000000005
0.7000000000000003 0.35000000000000003 71.30912000000005
0.7000000000000003 0.37500000000000006 72.19440000000004
0.7000000000000003 0.4000000000000001 73.81440000000006
0.7000000000000003 0.4250000000000001 75.43440000000005
0.7000000000000003 0.4500000000000001 75.49712000000008
0.7000000000000003 0.47500000000000014 77.29712000000006
0.7000000000000003 0.5000000000000001 79.09712000000006
0.7000000000000003 0.5250000000000001 80.57288000000005
0.7000000000000003 0.5500000000000002 81.59328000000006
0.7000000000000003 0.5750000000000002 83.57328000000007
0.7000000000000003 0.6000000000000002 85.38928000000007
0.7000000000000003 0.6250000000000002 87.45928000000008
0.7000000000000003 0.6500000000000002 88.76912000000009
0.7000000000000003 0.6750000000000003 91.01912000000009
0.7000000000000003 0.7000000000000003 93.24560000000008
0.7000000000000003 0.7250000000000003 96.50896000000006
0.7000000000000003 0.7500000000000003 99.74880000000007
0.7000000000000003 0.7750000000000004 103.16316000000009
0.7000000000000003 0.8000000000000004 106.4899200000001
0.7000000000000003 0.8250000000000004 109.81668000000009
0.7000000000000003 0.8500000000000004 113.4454400000001
0.7000000000000003 0.8750000000000004 116.85520000000011
0.7000000000000003 0.9000000000000005 120.26496000000012
0.7000000000000003 0.9250000000000005 123.67472000000012
0.7000000000000003 0.9500000000000005 127.08448000000013
0.7000000000000003 0.9750000000000005 131.0583600000001
0.7000000000000003 1.0000000000000004 134.5472000000001
0.7250000000000003 0 71.35216000000007
0.7250000000000003 0.025 72.07216000000007
0.7250000000000003 0.05 69.58900000000007
0.7250000000000003 0.07500000000000001 70.48900000000008
0.7250000000000003 0.1 71.38900000000007
0.7250000000000003 0.125 71.12776000000007
0.7250000000000003 0.15 70.43536000000006
0.7250000000000003 0.175 70.42044000000006
0.7250000000000003 0.19999999999999998 71.59044000000006
0.7250000000000003 0.22499999999999998 72.76044000000005
0.7250000000000003 0.24999999999999997 71.51264000000006
0.7250000000000003 0.27499999999999997 72.86264000000006
0.7250000000000003 0.3 74.21264000000006
0.7250000000000003 0.325 74.78036000000006
0.7250000000000003 0.35000000000000003 74.94436000000006
0.7250000000000003 0.37500000000000006 76.47436000000006
0.7250000000000003 0.4000000000000001 77.37840000000006
0.7250000000000003 0.4250000000000001 78.99840000000006
0.7250000000000003 0.4500000000000001 79.54560000000008
0.7250000000000003 0.47500000000000014 80.78596000000007
0.7250000000000003 0.5000000000000001 82.58596000000007
0.7250000000000003 0.5250000000000001 84.38596000000007
0.7250000000000003 0.5500000000000002 85.00304000000007
0.7250000000000003 0.5750000000000002 86.98304000000007
0.7250000000000003 0.6000000000000002 88.71604000000006
0.7250000000000003 0.6250000000000002 90.78604000000007
0.7250000000000003 0.6500000000000002 92.18964000000005
0.7250000000000003 0.6750000000000003 94.25896000000009
0.7250000000000003 0.7000000000000003 96.50896000000009
0.7250000000000003 0.7250000000000003 98.73460000000009
0.7250000000000003 0.7500000000000003 101.99880000000007
0.7250000000000003 0.7750000000000004 105.23864000000007
0.7250000000000003 0.8000000000000004 108.6499200000001
0.7250000000000003 0.8250000000000004 111.97668000000009
0.7250000000000003 0.8500000000000004 115.3034400000001
0.7250000000000003 0.8750000000000004 118.63020000000009
0.7250000000000003 0.9000000000000005 122.33496000000011
0.7250000000000003 0.9250000000000005 125.74472000000011
0.7250000000000003 0.9500000000000005 129.15448000000012
0.7250000000000003 0.9750000000000005 132.56424000000013
0.7250000000000003 1.0000000000000004 136.5272000000001
0.7500000000000003 0 75.28480000000008
0.7500000000000003 0.025 76.00480000000007
0.7500000000000003 0.05 73.47000000000007
0.7500000000000003 0.07500000000000001 74.37000000000008
0.7500000000000003 0.1 75.27000000000007
0.7500000000000003 0.125 74.95320000000008
0.7500000000000003 0.15 74.26080000000007
0.7500000000000003 0.175 75.34080000000009
0.7500000000000003 0.19999999999999998 75.35640000000008
0.7500000000000003 0.22499999999999998 76.52640000000008
0.7500000000000003 0.24999999999999997 76.21720000000005
0.7500000000000003 0.27499999999999997 76.56520000000006
0.7500000000000003 0.3 77.91520000000007
0.7500000000000003 0.325 78.41560000000007
0.7500000000000003 0.35000000000000003 78.57960000000007
0.7500000000000003 0.37500000000000006 80.10960000000007
0.7500000000000003 0.4000000000000001 80.94240000000008
0.7500000000000003 0.4250000000000001 82.56240000000007
0.7500000000000003 0.4500000000000001 83.10960000000007
0.7500000000000003 0.47500000000000014 84.27480000000007
0.7500000000000003 0.5000000000000001 86.07480000000007
0.7500000000000003 0.5250000000000001 87.87480000000008
0.7500000000000003 0.5500000000000002 88.41280000000008
0.7500000000000003 0.5750000000000002 90.39280000000008
0.7500000000000003 0.6000000000000002 92.37280000000007
0.7500000000000003 0.6250000000000002 94.11280000000008
0.7500000000000003 0.6500000000000002 95.51640000000009
0.7500000000000003 0.6750000000000003 97.67640000000009
0.7500000000000003 0.7000000000000003 99.74880000000009
0.7500000000000003 0.7250000000000003 101.99880000000009
0.7500000000000003 0.7500000000000003 103.79040000000009
0.7500000000000003 0.7750000000000004 107.02544000000007
0.7500000000000003 0.8000000000000004 110.26528000000008
0.7500000000000003 0.8250000000000004 113.6734800000001
0.7500000000000003 0.8500000000000004 117.0002400000001
0.7500000000000003 0.8750000000000004 120.32700000000011
0.7500000000000003 0.9000000000000005 123.6537600000001
0.7500000000000003 0.9250000000000005 127.35152000000011
0.7500000000000003 0.9500000000000005 130.7612800000001
0.7500000000000003 0.9750000000000005 134.17104000000015
0.7500000000000003 1.0000000000000004 137.5808000000001
0.7750000000000004 0 79.2174400000001
0.7750000000000004 0.025 79.9374400000001
0.7750000000000004 0.05 77.35100000000007
0.7750000000000004 0.07500000000000001 78.25100000000008
0.7750000000000004 0.1 79.15100000000007
0.7750000000000004 0.125 78.77864000000008
0.7750000000000004 0.15 78.08624000000009
0.7750000000000004 0.175 79.16624000000009
0.7750000000000004 0.19999999999999998 79.12236000000009
0.7750000000000004 0.22499999999999998 80.29236000000009
0.7750000000000004 0.24999999999999997 79.98316000000005
0.7750000000000004 0.27499999999999997 80.26776000000004
0.7750000000000004 0.3 81.61776000000005
0.7750000000000004 0.325 82.96776000000004
0.7750000000000004 0.35000000000000003 82.21484000000007
0.7750000000000004 0.37500000000000006 83.74484000000007
0.7750000000000004 0.4000000000000001 85.27484000000008
0.7750000000000004 0.4250000000000001 86.12640000000006
0.7750000000000004 0.4500000000000001 86.67360000000008
0.7750000000000004 0.47500000000000014 88.38360000000009
0.7750000000000004 0.5000000000000001 89.56364000000006
0.7750000000000004 0.5250000000000001 91.36364000000006
0.7750000000000004 0.5500000000000002 92.29404000000007
0.7750000000000004 0.5750000000000002 93.80256000000008
0.7750000000000004 0.6000000000000002 95.78256000000007
0.7750000000000004 0.6250000000000002 97.7625600000001
0.7750000000000004 0.6500000000000002 98.84316000000007
0.7750000000000004 0.6750000000000003 101.0031600000001
0.7750000000000004 0.7000000000000003 103.16316000000008
0.7750000000000004 0.7250000000000003 105.23864000000009
0.7750000000000004 0.7500000000000003 107.02544000000009
0.7750000000000004 0.7750000000000004 109.3394000000001
0.7750000000000004 0.8000000000000004 112.60528000000009
0.7750000000000004 0.8250000000000004 115.84512000000012
0.7750000000000004 0.8500000000000004 119.2502400000001
0.7750000000000004 0.8750000000000004 122.57700000000011
0.7750000000000004 0.9000000000000005 125.9037600000001
0.7750000000000004 0.9250000000000005 129.23052000000013
0.7750000000000004 0.9500000000000005 132.9212800000001
0.7750000000000004 0.9750000000000005 136.33104000000012
0.7750000000000004 1.0000000000000004 139.7408000000001
0.8000000000000004 0 83.15008000000007
0.8000000000000004 0.025 83.87008000000007
0.8000000000000004 0.05 81.23200000000007
0.8000000000000004 0.07500000000000001 82.13200000000008
0.8000000000000004 0.1 83.03200000000007
0.8000000000000004 0.125 82.60408000000008
0.8000000000000004 0.15 81.91168000000008
0.8000000000000004 0.175 82.99168000000009
0.8000000000000004 0.19999999999999998 82.88832000000009
0.8000000000000004 0.22499999999999998 84.0583200000001
0.8000000000000004 0.24999999999999997 83.74912000000006
0.8000000000000004 0.27499999999999997 83.97032000000006
0.8000000000000004 0.3 85.32032000000007
0.8000000000000004 0.325 86.67032000000006
0.8000000000000004 0.35000000000000003 85.85008000000006
0.8000000000000004 0.37500000000000006 87.38008000000006
0.8000000000000004 0.4000000000000001 88.91008000000006
0.8000000000000004 0.4250000000000001 89.69040000000005
0.8000000000000004 0.4500000000000001 90.23760000000009
0.8000000000000004 0.47500000000000014 91.94760000000008
0.8000000000000004 0.5000000000000001 93.65760000000007
0.8000000000000004 0.5250000000000001 94.85248000000007
0.8000000000000004 0.5500000000000002 95.78288000000008
0.8000000000000004 0.5750000000000002 97.67288000000008
0.8000000000000004 0.6000000000000002 99.19232000000007
0.8000000000000004 0.6250000000000002 101.17232000000008
0.8000000000000004 0.6500000000000002 102.4859200000001
0.8000000000000004 0.6750000000000003 104.3299200000001
0.8000000000000004 0.7000000000000003 106.48992000000008
0.8000000000000004 0.7250000000000003 108.6499200000001
0.8000000000000004 0.7500000000000003 110.26528000000009
0.8000000000000004 0.7750000000000004 112.60528000000008
0.8000000000000004 0.8000000000000004 114.9184000000001
0.8000000000000004 0.8250000000000004 118.1851200000001
0.8000000000000004 0.8500000000000004 121.4249600000001
0.8000000000000004 0.8750000000000004 124.82700000000011
0.8000000000000004 0.9000000000000005 128.1537600000001
0.8000000000000004 0.9250000000000005 131.48052000000013
0.8000000000000004 0.9500000000000005 134.80728000000013
0.8000000000000004 0.9750000000000005 138.49104000000014
0.8000000000000004 1.0000000000000004 141.90080000000012
0.8250000000000004 0 87.08272000000008
0.8250000000000004 0.025 87.80272000000008
0.8250000000000004 0.05 85.11300000000007
0.8250000000000004 0.07500000000000001 86.01300000000008
0.8250000000000004 0.1 86.91300000000007
0.8250000000000004 0.125 86.42952000000008
0.8250000000000004 0.15 85.73712000000009
0.8250000000000004 0.175 86.81712000000009
0.8250000000000004 0.19999999999999998 86.65428000000009
0.8250000000000004 0.22499999999999998 87.82428000000007
0.8250000000000004 0.24999999999999997 87.51508000000005
0.8250000000000004 0.27499999999999997 88.77508000000006
0.8250000000000004 0.3 89.02288000000006
0.8250000000000004 0.325 90.37288000000005
0.8250000000000004 0.35000000000000003 90.44688000000006
0.8250000000000004 0.37500000000000006 91.01532000000007
0.8250000000000004 0.4000000000000001 92.54532000000007
0.8250000000000004 0.4250000000000001 94.07532000000008
0.8250000000000004 0.4500000000000001 93.80160000000008
0.8250000000000004 0.47500000000000014 95.51160000000007
0.8250000000000004 0.5000000000000001 97.22160000000007
0.8250000000000004 0.5250000000000001 98.34132000000008
0.8250000000000004 0.5500000000000002 99.27172000000009
0.8250000000000004 0.5750000000000002 101.16172000000009
0.8250000000000004 0.6000000000000002 102.60208000000007
0.8250000000000004 0.6250000000000002 104.58208000000009
0.8250000000000004 0.6500000000000002 105.89568000000011
0.8250000000000004 0.6750000000000003 107.9656800000001
0.8250000000000004 0.7000000000000003 109.81668000000009
0.8250000000000004 0.7250000000000003 111.9766800000001
0.8250000000000004 0.7500000000000003 113.67348000000008
0.8250000000000004 0.7750000000000004 115.8451200000001
0.8250000000000004 0.8000000000000004 118.1851200000001
0.8250000000000004 0.8250000000000004 120.14740000000009
0.8250000000000004 0.8500000000000004 123.41496000000011
0.8250000000000004 0.8750000000000004 126.65480000000011
0.8250000000000004 0.9000000000000005 130.0537600000001
0.8250000000000004 0.9250000000000005 133.38052000000013
0.8250000000000004 0.9500000000000005 136.7072800000001
0.8250000000000004 0.9750000000000005 140.03404000000012
0.8250000000000004 1.0000000000000004 143.7108000000001
0.8500000000000004 0 91.0153600000001
0.8500000000000004 0.025 91.7353600000001
0.8500000000000004 0.05 88.99400000000009
0.8500000000000004 0.07500000000000001 89.89400000000009
0.8500000000000004 0.1 90.79400000000008
0.8500000000000004 0.125 90.25496000000008
0.8500000000000004 0.15 89.56256000000008
0.8500000000000004 0.175 90.64256000000009
0.8500000000000004 0.19999999999999998 91.72256000000009
0.8500000000000004 0.22499999999999998 91.59024000000008
0.8500000000000004 0.24999999999999997 91.28104000000006
0.8500000000000004 0.27499999999999997 92.54104000000007
0.8500000000000004 0.3 92.72544000000006
0.8500000000000004 0.325 94.07544000000006
0.8500000000000004 0.35000000000000003 94.14944000000007
0.8500000000000004 0.37500000000000006 94.65056000000007
0.8500000000000004 0.4000000000000001 96.18056000000009
0.8500000000000004 0.4250000000000001 97.71056000000007
0.8500000000000004 0.4500000000000001 98.1677600000001
0.8500000000000004 0.47500000000000014 99.0756000000001
0.8500000000000004 0.5000000000000001 100.78560000000007
0.8500000000000004 0.5250000000000001 102.49560000000008
0.8500000000000004 0.5500000000000002 102.76056000000008
0.8500000000000004 0.5750000000000002 104.65056000000008
0.8500000000000004 0.6000000000000002 106.54056000000008
0.8500000000000004 0.6250000000000002 107.9918400000001
0.8500000000000004 0.6500000000000002 109.30544000000012
0.8500000000000004 0.6750000000000003 111.37544000000011
0.8500000000000004 0.7000000000000003 113.4454400000001
0.8500000000000004 0.7250000000000003 115.30344000000008
0.8500000000000004 0.7500000000000003 117.00024000000009
0.8500000000000004 0.7750000000000004 119.25024000000009
0.8500000000000004 0.8000000000000004 121.42496000000011
0.8500000000000004 0.8250000000000004 123.41496000000011
0.8500000000000004 0.8500000000000004 125.8164000000001
0.8500000000000004 0.8750000000000004 129.08480000000012
0.8500000000000004 0.9000000000000005 132.32464000000013
0.8500000000000004 0.9250000000000005 135.7205200000001
0.8500000000000004 0.9500000000000005 139.04728000000011
0.8500000000000004 0.9750000000000005 142.3740400000001
0.8500000000000004 1.0000000000000004 145.7008000000001
0.8750000000000004 0 94.94800000000009
0.8750000000000004 0.025 95.66800000000009
0.8750000000000004 0.05 92.87500000000009
0.8750000000000004 0.07500000000000001 93.77500000000009
0.8750000000000004 0.1 94.67500000000008
0.8750000000000004 0.125 94.0804000000001
0.8750000000000004 0.15 93.38800000000009
0.8750000000000004 0.175 94.4680000000001
0.8750000000000004 0.19999999999999998 95.5480000000001
0.8750000000000004 0.22499999999999998 95.35620000000009
0.8750000000000004 0.24999999999999997 95.04700000000007
0.8750000000000004 0.27499999999999997 96.30700000000007
0.8750000000000004 0.3 96.42800000000008
0.8750000000000004 0.325 97.77800000000008
0.8750000000000004 0.35000000000000003 97.85200000000007
0.8750000000000004 0.37500000000000006 99.29200000000009
0.8750000000000004 0.4000000000000001 99.81580000000007
0.8750000000000004 0.4250000000000001 101.34580000000007
0.8750000000000004 0.4500000000000001 101.8030000000001
0.8750000000000004 0.47500000000000014 102.63960000000009
0.8750000000000004 0.5000000000000001 104.34960000000008
0.8750000000000004 0.5250000000000001 106.05960000000009
0.8750000000000004 0.5500000000000002 106.90000000000009
0.8750000000000004 0.5750000000000002 108.1394000000001
0.8750000000000004 0.6000000000000002 110.0294000000001
0.8750000000000004 0.6250000000000002 111.9194000000001
0.8750000000000004 0.6500000000000002 112.7152000000001
0.8750000000000004 0.6750000000000003 114.78520000000009
0.8750000000000004 0.7000000000000003 116.85520000000011
0.8750000000000004 0.7250000000000003 118.63020000000012
0.8750000000000004 0.7500000000000003 120.3270000000001
0.8750000000000004 0.7750000000000004 122.5770000000001
0.8750000000000004 0.8000000000000004 124.8270000000001
0.8750000000000004 0.8250000000000004 126.6548000000001
0.8750000000000004 0.8500000000000004 129.08480000000012
0.8750000000000004 0.8750000000000004 131.4854000000001
0.8750000000000004 0.9000000000000005 134.7546400000001
0.8750000000000004 0.9250000000000005 137.9944800000001
0.8750000000000004 0.9500000000000005 141.38728000000012
0.8750000000000004 0.9750000000000005 144.71404000000013
0.8750000000000004 1.0000000000000004 148.04080000000013
0.9000000000000005 0 98.88064000000008
0.9000000000000005 0.025 99.60064000000008
0.9000000000000005 0.05 96.75600000000009
0.9000000000000005 0.07500000000000001 97.65600000000009
0.9000000000000005 0.1 98.55600000000008
0.9000000000000005 0.125 99.45600000000009
0.9000000000000005 0.15 97.2134400000001
0.9000000000000005 0.175 98.29344000000012
0.9000000000000005 0.19999999999999998 99.37344000000012
0.9000000000000005 0.22499999999999998 99.1221600000001
0.9000000000000005 0.24999999999999997 98.81296000000006
0.9000000000000005 0.27499999999999997 100.07296000000005
0.9000000000000005 0.3 101.33296000000007
0.9000000000000005 0.325 101.48056000000007
0.9000000000000005 0.35000000000000003 101.55456000000008
0.9000000000000005 0.37500000000000006 102.99456000000006
0.9000000000000005 0.4000000000000001 103.45104000000008
0.9000000000000005 0.4250000000000001 104.98104000000008
0.9000000000000005 0.4500000000000001 105.4382400000001
0.9000000000000005 0.47500000000000014 107.0582400000001
0.9000000000000005 0.5000000000000001 107.91360000000009
0.9000000000000005 0.5250000000000001 109.6236000000001
0.9000000000000005 0.5500000000000002 110.46400000000008
0.9000000000000005 0.5750000000000002 111.62824000000009
0.9000000000000005 0.6000000000000002 113.5182400000001
0.9000000000000005 0.6250000000000002 115.4082400000001
0.9000000000000005 0.6500000000000002 116.63184000000011
0.9000000000000005 0.6750000000000003 118.1949600000001
0.9000000000000005 0.7000000000000003 120.26496000000012
0.9000000000000005 0.7250000000000003 122.3349600000001
0.9000000000000005 0.7500000000000003 123.6537600000001
0.9000000000000005 0.7750000000000004 125.9037600000001
0.9000000000000005 0.8000000000000004 128.15376000000012
0.9000000000000005 0.8250000000000004 130.05376000000012
0.9000000000000005 0.8500000000000004 132.32464000000013
0.9000000000000005 0.8750000000000004 134.7546400000001
0.9000000000000005 0.9000000000000005 137.1544000000001
0.9000000000000005 0.9250000000000005 140.4244800000001
0.9000000000000005 0.9500000000000005 143.66432000000012
0.9000000000000005 0.9750000000000005 146.90416000000013
0.9000000000000005 1.0000000000000004 150.3808000000001
0.9250000000000005 0 102.8132800000001
0.9250000000000005 0.025 103.5332800000001
0.9250000000000005 0.05 100.63700000000009
0.9250000000000005 0.07500000000000001 101.53700000000009
0.9250000000000005 0.1 102.43700000000008
0.9250000000000005 0.125 103.33700000000009
0.9250000000000005 0.15 101.03888000000012
0.9250000000000005 0.175 102.11888000000012
0.9250000000000005 0.19999999999999998 103.19888000000012
0.9250000000000005 0.22499999999999998 102.8881200000001
0.9250000000000005 0.24999999999999997 102.57892000000007
0.9250000000000005 0.27499999999999997 103.83892000000006
0.9250000000000005 0.3 105.09892000000008
0.9250000000000005 0.325 105.18312000000007
0.9250000000000005 0.35000000000000003 105.25712000000009
0.9250000000000005 0.37500000000000006 106.69712000000007
0.9250000000000005 0.4000000000000001 108.1371200000001
0.9250000000000005 0.4250000000000001 108.61628000000009
0.9250000000000005 0.4500000000000001 109.07348000000009
0.9250000000000005 0.47500000000000014 110.69348000000008
0.9250000000000005 0.5000000000000001 111.47760000000008
0.9250000000000005 0.5250000000000001 113.18760000000007
0.9250000000000005 0.5500000000000002 114.02800000000008
0.9250000000000005 0.5750000000000002 115.82800000000009
0.9250000000000005 0.6000000000000002 117.00708000000009
0.9250000000000005 0.6250000000000002 118.89708000000009
0.9250000000000005 0.6500000000000002 120.12068000000009
0.9250000000000005 0.6750000000000003 121.6047200000001
0.9250000000000005 0.7000000000000003 123.67472000000012
0.9250000000000005 0.7250000000000003 125.7447200000001
0.9250000000000005 0.7500000000000003 127.35152000000012
0.9250000000000005 0.7750000000000004 129.2305200000001
0.9250000000000005 0.8000000000000004 131.4805200000001
0.9250000000000005 0.8250000000000004 133.3805200000001
0.9250000000000005 0.8500000000000004 135.7205200000001
0.9250000000000005 0.8750000000000004 137.99448000000012
0.9250000000000005 0.9000000000000005 140.42448000000013
0.9250000000000005 0.9250000000000005 142.67660000000012
0.9250000000000005 0.9500000000000005 145.9475200000001
0.9250000000000005 0.9750000000000005 149.18736000000013
0.9250000000000005 1.0000000000000004 152.4272000000001
0.9500000000000005 0 106.74592000000011
0.9500000000000005 0.025 107.46592000000011
0.9500000000000005 0.05 104.51800000000009
0.9500000000000005 0.07500000000000001 105.41800000000009
0.9500000000000005 0.1 106.31800000000008
0.9500000000000005 0.125 107.21800000000009
0.9500000000000005 0.15 104.8643200000001
0.9500000000000005 0.175 105.94432000000012
0.9500000000000005 0.19999999999999998 107.02432000000012
0.9500000000000005 0.22499999999999998 108.10432000000011
0.9500000000000005 0.24999999999999997 106.34488000000007
0.9500000000000005 0.27499999999999997 107.60488000000007
0.9500000000000005 0.3 108.86488000000008
0.9500000000000005 0.325 108.8856800000001
0.9500000000000005 0.35000000000000003 108.95968000000009
0.9500000000000005 0.37500000000000006 110.39968000000007
0.9500000000000005 0.4000000000000001 111.8396800000001
0.9500000000000005 0.4250000000000001 112.2515200000001
0.9500000000000005 0.4500000000000001 112.7087200000001
0.9500000000000005 0.47500000000000014 114.32872000000009
0.9500000000000005 0.5000000000000001 115.9487200000001
0.9500000000000005 0.5250000000000001 116.7516000000001
0.9500000000000005 0.5500000000000002 117.59200000000007
0.9500000000000005 0.5750000000000002 119.39200000000008
0.9500000000000005 0.6000000000000002 120.4959200000001
0.9500000000000005 0.6250000000000002 122.3859200000001
0.9500000000000005 0.6500000000000002 123.6095200000001
0.9500000000000005 0.6750000000000003 125.5895200000001
0.9500000000000005 0.7000000000000003 127.08448000000013
0.9500000000000005 0.7250000000000003 129.15448000000012
0.9500000000000005 0.7500000000000003 130.76128000000014
0.9500000000000005 0.7750000000000004 132.9212800000001
0.9500000000000005 0.8000000000000004 134.80728000000013
0.9500000000000005 0.8250000000000004 136.70728000000014
0.9500000000000005 0.8500000000000004 139.04728000000011
0.9500000000000005 0.8750000000000004 141.38728000000012
0.9500000000000005 0.9000000000000005 143.66432000000012
0.9500000000000005 0.9250000000000005 145.94752000000014
0.9500000000000005 0.9500000000000005 148.4356000000001
0.9500000000000005 0.9750000000000005 151.70736000000014
0.9500000000000005 1.0000000000000004 154.94720000000012
0.9750000000000005 0 110.67856000000012
0.9750000000000005 0.025 111.39856000000012
0.9750000000000005 0.05 108.39900000000009
0.9750000000000005 0.07500000000000001 109.29900000000009
0.9750000000000005 0.1 110.1990000000001
0.9750000000000005 0.125 111.0990000000001
0.9750000000000005 0.15 108.68976000000009
0.9750000000000005 0.175 109.76976000000012
0.9750000000000005 0.19999999999999998 110.8497600000001
0.9750000000000005 0.22499999999999998 111.9297600000001
0.9750000000000005 0.24999999999999997 110.11084000000008
0.9750000000000005 0.27499999999999997 111.37084000000007
0.9750000000000005 0.3 112.63084000000009
0.9750000000000005 0.325 113.89084000000008
0.9750000000000005 0.35000000000000003 112.6622400000001
0.9750000000000005 0.37500000000000006 114.10224000000008
0.9750000000000005 0.4000000000000001 115.5422400000001
0.9750000000000005 0.4250000000000001 115.88676000000011
0.9750000000000005 0.4500000000000001 116.34396000000011
0.9750000000000005 0.47500000000000014 117.9639600000001
0.9750000000000005 0.5000000000000001 119.5839600000001
0.9750000000000005 0.5250000000000001 120.31560000000009
0.9750000000000005 0.5500000000000002 121.15600000000009
0.9750000000000005 0.5750000000000002 122.95600000000007
0.9750000000000005 0.6000000000000002 124.75600000000009
0.9750000000000005 0.6250000000000002 125.87476000000011
0.9750000000000005 0.6500000000000002 127.09836000000011
0.9750000000000005 0.6750000000000003 129.07836000000012
0.9750000000000005 0.7000000000000003 131.0583600000001
0.9750000000000005 0.7250000000000003 132.56424000000013
0.9750000000000005 0.7500000000000003 134.17104000000015
0.9750000000000005 0.7750000000000004 136.33104000000012
0.9750000000000005 0.8000000000000004 138.4910400000001
0.9750000000000005 0.8250000000000004 140.03404000000012
0.9750000000000005 0.8500000000000004 142.37404000000012
0.9750000000000005 0.8750000000000004 144.71404000000013
0.9750000000000005 0.9000000000000005 146.90416000000013
0.9750000000000005 0.9250000000000005 149.18736000000015
0.9750000000000005 0.9500000000000005 151.70736000000014
0.9750000000000005 0.9750000000000005 154.19460000000012
0.9750000000000005 1.0000000000000004 157.46720000000013
1.0000000000000004 0 114.61120000000008
1.0000000000000004 0.025 115.33120000000008
1.0000000000000004 0.05 112.28000000000009
1.0000000000000004 0.07500000000000001 113.18000000000006
1.0000000000000004 0.1 114.08000000000007
1.0000000000000004 0.125 114.98000000000008
1.0000000000000004 0.15 112.51520000000008
1.0000000000000004 0.175 113.5952000000001
1.0000000000000004 0.19999999999999998 114.67520000000009
1.0000000000000004 0.22499999999999998 115.75520000000009
1.0000000000000004 0.24999999999999997 113.87680000000006
1.0000000000000004 0.27499999999999997 115.13680000000005
1.0000000000000004 0.3 116.39680000000007
1.0000000000000004 0.325 117.65680000000006
1.0000000000000004 0.35000000000000003 116.36480000000007
1.0000000000000004 0.37500000000000006 117.80480000000006
1.0000000000000004 0.4000000000000001 119.24480000000008
1.0000000000000004 0.4250000000000001 120.68480000000005
1.0000000000000004 0.4500000000000001 119.97920000000009
1.0000000000000004 0.47500000000000014 121.59920000000008
1.0000000000000004 0.5000000000000001 123.21920000000009
1.0000000000000004 0.5250000000000001 124.83920000000009
1.0000000000000004 0.5500000000000002 124.72000000000006
1.0000000000000004 0.5750000000000002 126.52000000000007
1.0000000000000004 0.6000000000000002 128.32000000000008
1.0000000000000004 0.6250000000000002 130.12000000000006
1.0000000000000004 0.6500000000000002 130.5872000000001
1.0000000000000004 0.6750000000000003 132.5672000000001
1.0000000000000004 0.7000000000000003 134.5472000000001
1.0000000000000004 0.7250000000000003 136.5272000000001
1.0000000000000004 0.7500000000000003 137.58080000000012
1.0000000000000004 0.7750000000000004 139.74080000000012
1.0000000000000004 0.8000000000000004 141.9008000000001
1.0000000000000004 0.8250000000000004 143.3608000000001
1.0000000000000004 0.8500000000000004 145.7008000000001
1.0000000000000004 0.8750000000000004 148.04080000000013
1.0000000000000004 0.9000000000000005 150.3808000000001
1.0000000000000004 0.9250000000000005 152.4272000000001
1.0000000000000004 0.9500000000000005 154.9472000000001
1.0000000000000004 0.9750000000000005 157.4672000000001
1.0000000000000004 1.0000000000000004 160.0000000000001