0.0 0.0 40.000000000454015
0.0 0.025 40.00000000048535
0.0 0.05 40.000000000516685
0.0 0.07500000000000001 40.00000000054803
0.0 0.1 40.00000000057936
0.0 0.125 40.0000000006107
0.0 0.15000000000000002 40.00000000064203
0.0 0.17500000000000002 40.00000000067337
0.0 0.2 40.00000000070471
0.0 0.225 40.000000000736044
0.0 0.25 40.00000000076738
0.0 0.275 40.000000000798714
0.0 0.30000000000000004 40.00000000083005
0.0 0.325 40.00000000086139
0.0 0.35000000000000003 40.000000000892726
0.0 0.375 40.00000000092406
0.0 0.4 40.000000000955396
0.0 0.42500000000000004 40.00000000098673
0.0 0.45 40.00000000101807
0.0 0.47500000000000003 40.0000000010494
0.0 0.5 40.00000000108074
0.0 0.525 40.000000001112085
0.0 0.55 40.00000000114342
0.0 0.5750000000000001 40.000000001174755
0.0 0.6000000000000001 40.00000000120609
0.0 0.625 40.000000001237424
0.0 0.65 40.00000000126876
0.0 0.675 40.000000001300094
0.0 0.7000000000000001 40.000000001331436
0.0 0.7250000000000001 40.00000000136277
0.0 0.75 40.000000001394106
0.0 0.775 40.00000000142544
0.0 0.8 40.000000001456776
0.0 0.8250000000000001 40.00000000148812
0.0 0.8500000000000001 40.00000000151945
0.0 0.875 40.00000000155079
0.0 0.9 40.00000000158213
0.0 0.925 40.00000000161346
0.0 0.9500000000000001 40.00000000164479
0.0 0.9750000000000001 40.000000001676135
0.0 1.0 40.00000000170747
0.025 0.0 39.87500000044267
0.025 0.025 39.87500000047322
0.025 0.05 39.87500000050377
0.025 0.07500000000000001 39.875000000534335
0.025 0.1 39.875000000564874
0.025 0.125 39.87500000059543
0.025 0.15000000000000002 39.87500000062599
0.025 0.17500000000000002 39.87500000065654
0.025 0.2 39.8750000006871
0.025 0.225 39.87500000071765
0.025 0.25 39.8750000007482
0.025 0.275 39.875000000778755
0.025 0.30000000000000004 39.87500000080931
0.025 0.325 39.87500000083987
0.025 0.35000000000000003 39.87500000087041
0.025 0.375 39.87500000090097
0.025 0.4 39.87500000093152
0.025 0.42500000000000004 39.875000000962075
0.025 0.45 39.87500000099263
0.025 0.47500000000000003 39.87500000102318
0.025 0.5 39.875000001053735
0.025 0.525 39.87500000108428
0.025 0.55 39.87500000111484
0.025 0.5750000000000001 39.875000001145395
0.025 0.6000000000000001 39.87500000117595
0.025 0.625 39.8750000012065
0.025 0.65 39.875000001237055
0.025 0.675 39.87500000126761
0.025 0.7000000000000001 39.87500000129816
0.025 0.7250000000000001 39.875000001328715
0.025 0.75 39.87500000135927
0.025 0.775 39.87500000138982
0.025 0.8 39.875000001420375
0.025 0.8250000000000001 39.87500000145093
0.025 0.8500000000000001 39.87500000148149
0.025 0.875 39.875000001512035
0.025 0.9 39.87500000154258
0.025 0.925 39.87500000157314
0.025 0.9500000000000001 39.875000001603695
0.025 0.9750000000000001 39.87500000163424
0.025 1.0 39.8750000016648
0.05 0.0 39.75000000043132
0.05 0.025 39.750000000461085
0.05 0.05 39.750000000490864
0.05 0.07500000000000001 39.750000000520636
0.05 0.1 39.7500000005504
0.05 0.125 39.75000000058017
0.05 0.15000000000000002 39.75000000060994
0.05 0.17500000000000002 39.750000000639716
0.05 0.2 39.75000000066949
0.05 0.225 39.75000000069925
0.05 0.25 39.750000000729024
0.05 0.275 39.750000000758796
0.05 0.30000000000000004 39.75000000078857
0.05 0.325 39.75000000081833
0.05 0.35000000000000003 39.750000000848104
0.05 0.375 39.750000000877876
0.05 0.4 39.75000000090765
0.05 0.42500000000000004 39.75000000093742
0.05 0.45 39.750000000967184
0.05 0.47500000000000003 39.750000000996955
0.05 0.5 39.75000000102672
0.05 0.525 39.7500000010565
0.05 0.55 39.75000000108626
0.05 0.5750000000000001 39.750000001116035
0.05 0.6000000000000001 39.75000000114581
0.05 0.625 39.75000000117558
0.05 0.65 39.75000000120534
0.05 0.675 39.750000001235115
0.05 0.7000000000000001 39.750000001264894
0.05 0.7250000000000001 39.75000000129466
0.05 0.75 39.75000000132443
0.05 0.775 39.750000001354195
0.05 0.8 39.75000000138397
0.05 0.8250000000000001 39.75000000141374
0.05 0.8500000000000001 39.75000000144351
0.05 0.875 39.75000000147328
0.05 0.9 39.75000000150305
0.05 0.925 39.75000000153282
0.05 0.9500000000000001 39.75000000156259
0.05 0.9750000000000001 39.75000000159236
0.05 1.0 39.750000001622126
0.07500000000000001 0.0 39.62500000041998
0.07500000000000001 0.025 39.62500000044896
0.07500000000000001 0.05 39.625000000477954
0.07500000000000001 0.07500000000000001 39.625000000506944
0.07500000000000001 0.1 39.62500000053593
0.07500000000000001 0.125 39.62500000056491
0.07500000000000001 0.15000000000000002 39.6250000005939
0.07500000000000001 0.17500000000000002 39.62500000062288
0.07500000000000001 0.2 39.62500000065188
0.07500000000000001 0.225 39.62500000068086
0.07500000000000001 0.25 39.625000000709846
0.07500000000000001 0.275 39.62500000073884
0.07500000000000001 0.30000000000000004 39.62500000076783
0.07500000000000001 0.325 39.62500000079682
0.07500000000000001 0.35000000000000003 39.62500000082579
0.07500000000000001 0.375 39.62500000085478
0.07500000000000001 0.4 39.62500000088377
0.07500000000000001 0.42500000000000004 39.62500000091276
0.07500000000000001 0.45 39.625000000941746
0.07500000000000001 0.47500000000000003 39.62500000097073
0.07500000000000001 0.5 39.62500000099972
0.07500000000000001 0.525 39.62500000102871
0.07500000000000001 0.55 39.62500000105769
0.07500000000000001 0.5750000000000001 39.62500000108669
0.07500000000000001 0.6000000000000001 39.62500000111568
0.07500000000000001 0.625 39.625000001144656
0.07500000000000001 0.65 39.625000001173646
0.07500000000000001 0.675 39.625000001202636
0.07500000000000001 0.7000000000000001 39.62500000123162
0.07500000000000001 0.7250000000000001 39.62500000126061
0.07500000000000001 0.75 39.6250000012896
0.07500000000000001 0.775 39.62500000131858
0.07500000000000001 0.8 39.62500000134757
0.07500000000000001 0.8250000000000001 39.625000001376556
0.07500000000000001 0.8500000000000001 39.625000001405546
0.07500000000000001 0.875 39.62500000143453
0.07500000000000001 0.9 39.62500000146351
0.07500000000000001 0.925 39.6250000014925
0.07500000000000001 0.9500000000000001 39.62500000152149
0.07500000000000001 0.9750000000000001 39.625000001550475
0.07500000000000001 1.0 39.625000001579465
0.1 0.0 39.500000000408626
0.1 0.025 39.50000000043683
0.1 0.05 39.500000000465036
0.1 0.07500000000000001 39.50000000049324
0.1 0.1 39.500000000521446
0.1 0.125 39.50000000054965
0.1 0.15000000000000002 39.50000000057786
0.1 0.17500000000000002 39.50000000060606
0.1 0.2 39.500000000634266
0.1 0.225 39.50000000066247
0.1 0.25 39.50000000069067
0.1 0.275 39.50000000071888
0.1 0.30000000000000004 39.50000000074708
0.1 0.325 39.50000000077529
0.1 0.35000000000000003 39.50000000080349
0.1 0.375 39.50000000083169
0.1 0.4 39.5000000008599
0.1 0.42500000000000004 39.50000000088811
0.1 0.45 39.50000000091631
0.1 0.47500000000000003 39.50000000094451
0.1 0.5 39.50000000097272
0.1 0.525 39.50000000100091
0.1 0.55 39.50000000102912
0.1 0.5750000000000001 39.50000000105733
0.1 0.6000000000000001 39.50000000108554
0.1 0.625 39.50000000111373
0.1 0.65 39.50000000114194
0.1 0.675 39.50000000117014
0.1 0.7000000000000001 39.50000000119835
0.1 0.7250000000000001 39.50000000122655
0.1 0.75 39.500000001254755
0.1 0.775 39.500000001282956
0.1 0.8 39.500000001311165
0.1 0.8250000000000001 39.50000000133937
0.1 0.8500000000000001 39.500000001367574
0.1 0.875 39.500000001395776
0.1 0.9 39.500000001423984
0.1 0.925 39.50000000145218
0.1 0.9500000000000001 39.50000000148039
0.1 0.9750000000000001 39.500000001508596
0.1 1.0 39.500000001536804
0.125 0.0 39.37500000039728
0.125 0.025 39.3750000004247
0.125 0.05 39.37500000045212
0.125 0.07500000000000001 39.375000000479545
0.125 0.1 39.37500000050697
0.125 0.125 39.375000000534385
0.125 0.15000000000000002 39.37500000056181
0.125 0.17500000000000002 39.37500000058923
0.125 0.2 39.37500000061665
0.125 0.225 39.37500000064407
0.125 0.25 39.3750000006715
0.125 0.275 39.37500000069892
0.125 0.30000000000000004 39.37500000072633
0.125 0.325 39.37500000075376
0.125 0.35000000000000003 39.37500000078117
0.125 0.375 39.3750000008086
0.125 0.4 39.375000000836025
0.125 0.42500000000000004 39.375000000863444
0.125 0.45 39.375000000890864
0.125 0.47500000000000003 39.37500000091828
0.125 0.5 39.375000000945704
0.125 0.525 39.37500000097313
0.125 0.55 39.375000001000544
0.125 0.5750000000000001 39.37500000102797
0.125 0.6000000000000001 39.3750000010554
0.125 0.625 39.37500000108281
0.125 0.65 39.37500000111023
0.125 0.675 39.37500000113765
0.125 0.7000000000000001 39.37500000116508
0.125 0.7250000000000001 39.3750000011925
0.125 0.75 39.37500000121992
0.125 0.775 39.37500000124734
0.125 0.8 39.37500000127476
0.125 0.8250000000000001 39.37500000130218
0.125 0.8500000000000001 39.3750000013296
0.125 0.875 39.37500000135702
0.125 0.9 39.37500000138444
0.125 0.925 39.37500000141186
0.125 0.9500000000000001 39.37500000143929
0.125 0.9750000000000001 39.37500000146671
0.125 1.0 39.37500000149413
0.15000000000000002 0.0 39.25000000038593
0.15000000000000002 0.025 39.25000000041257
0.15000000000000002 0.05 39.25000000043921
0.15000000000000002 0.07500000000000001 39.25000000046585
0.15000000000000002 0.1 39.25000000049249
0.15000000000000002 0.125 39.25000000051912
0.15000000000000002 0.15000000000000002 39.25000000054576
0.15000000000000002 0.17500000000000002 39.250000000572406
0.15000000000000002 0.2 39.250000000599044
0.15000000000000002 0.225 39.250000000625676
0.15000000000000002 0.25 39.250000000652314
0.15000000000000002 0.275 39.25000000067895
0.15000000000000002 0.30000000000000004 39.2500000007056
0.15000000000000002 0.325 39.250000000732236
0.15000000000000002 0.35000000000000003 39.25000000075887
0.15000000000000002 0.375 39.250000000785505
0.15000000000000002 0.4 39.25000000081214
0.15000000000000002 0.42500000000000004 39.25000000083878
0.15000000000000002 0.45 39.25000000086543
0.15000000000000002 0.47500000000000003 39.25000000089206
0.15000000000000002 0.5 39.250000000918696
0.15000000000000002 0.525 39.250000000945334
0.15000000000000002 0.55 39.25000000097198
0.15000000000000002 0.5750000000000001 39.25000000099861
0.15000000000000002 0.6000000000000001 39.25000000102525
0.15000000000000002 0.625 39.25000000105189
0.15000000000000002 0.65 39.25000000107853
0.15000000000000002 0.675 39.250000001105164
0.15000000000000002 0.7000000000000001 39.25000000113181
0.15000000000000002 0.7250000000000001 39.25000000115844
0.15000000000000002 0.75 39.25000000118508
0.15000000000000002 0.775 39.25000000121172
0.15000000000000002 0.8 39.25000000123836
0.15000000000000002 0.8250000000000001 39.25000000126499
0.15000000000000002 0.8500000000000001 39.25000000129163
0.15000000000000002 0.875 39.25000000131827
0.15000000000000002 0.9 39.25000000134491
0.15000000000000002 0.925 39.250000001371546
0.15000000000000002 0.9500000000000001 39.250000001398185
0.15000000000000002 0.9750000000000001 39.25000000142483
0.15000000000000002 1.0 39.25000000145146
0.17500000000000002 0.0 39.12500000037459
0.17500000000000002 0.025 39.12500000040044
0.17500000000000002 0.05 39.1250000004263
0.17500000000000002 0.07500000000000001 39.125000000452154
0.17500000000000002 0.1 39.12500000047801
0.17500000000000002 0.125 39.12500000050386
0.17500000000000002 0.15000000000000002 39.12500000052972
0.17500000000000002 0.17500000000000002 39.12500000055557
0.17500000000000002 0.2 39.12500000058143
0.17500000000000002 0.225 39.12500000060729
0.17500000000000002 0.25 39.125000000633136
0.17500000000000002 0.275 39.12500000065899
0.17500000000000002 0.30000000000000004 39.12500000068485
0.17500000000000002 0.325 39.125000000710706
0.17500000000000002 0.35000000000000003 39.12500000073656
0.17500000000000002 0.375 39.12500000076241
0.17500000000000002 0.4 39.12500000078827
0.17500000000000002 0.42500000000000004 39.125000000814126
0.17500000000000002 0.45 39.125000000839975
0.17500000000000002 0.47500000000000003 39.12500000086583
0.17500000000000002 0.5 39.12500000089169
0.17500000000000002 0.525 39.125000000917545
0.17500000000000002 0.55 39.1250000009434
0.17500000000000002 0.5750000000000001 39.12500000096925
0.17500000000000002 0.6000000000000001 39.12500000099511
0.17500000000000002 0.625 39.125000001020965
0.17500000000000002 0.65 39.125000001046814
0.17500000000000002 0.675 39.12500000107268
0.17500000000000002 0.7000000000000001 39.12500000109853
0.17500000000000002 0.7250000000000001 39.125000001124384
0.17500000000000002 0.75 39.12500000115024
0.17500000000000002 0.775 39.125000001176105
0.17500000000000002 0.8 39.125000001201954
0.17500000000000002 0.8250000000000001 39.125000001227804
0.17500000000000002 0.8500000000000001 39.12500000125366
0.17500000000000002 0.875 39.12500000127952
0.17500000000000002 0.9 39.12500000130537
0.17500000000000002 0.925 39.12500000133122
0.17500000000000002 0.9500000000000001 39.12500000135708
0.17500000000000002 0.9750000000000001 39.125000001382936
0.17500000000000002 1.0 39.12500000140879
0.2 0.0 39.000000000363244
0.2 0.025 39.00000000038832
0.2 0.05 39.00000000041339
0.2 0.07500000000000001 39.00000000043847
0.2 0.1 39.00000000046353
0.2 0.125 39.00000000048861
0.2 0.15000000000000002 39.00000000051367
0.2 0.17500000000000002 39.00000000053875
0.2 0.2 39.00000000056382
0.2 0.225 39.0000000005889
0.2 0.25 39.000000000613966
0.2 0.275 39.000000000639034
0.2 0.30000000000000004 39.0000000006641
0.2 0.325 39.000000000689184
0.2 0.35000000000000003 39.00000000071425
0.2 0.375 39.00000000073933
0.2 0.4 39.000000000764395
0.2 0.42500000000000004 39.00000000078947
0.2 0.45 39.000000000814545
0.2 0.47500000000000003 39.000000000839606
0.2 0.5 39.00000000086469
0.2 0.525 39.000000000889756
0.2 0.55 39.00000000091483
0.2 0.5750000000000001 39.000000000939906
0.2 0.6000000000000001 39.000000000964974
0.2 0.625 39.00000000099004
0.2 0.65 39.00000000101511
0.2 0.675 39.000000001040185
0.2 0.7000000000000001 39.00000000106526
0.2 0.7250000000000001 39.000000001090335
0.2 0.75 39.00000000111541
0.2 0.775 39.00000000114048
0.2 0.8 39.00000000116555
0.2 0.8250000000000001 39.00000000119063
0.2 0.8500000000000001 39.000000001215696
0.2 0.875 39.00000000124077
0.2 0.9 39.00000000126584
0.2 0.925 39.000000001290914
0.2 0.9500000000000001 39.00000000131598
0.2 0.9750000000000001 39.00000000134106
0.2 1.0 39.000000001366125
0.225 0.0 38.875000000351896
0.225 0.025 38.87500000037618
0.225 0.05 38.87500000040047
0.225 0.07500000000000001 38.87500000042476
0.225 0.1 38.87500000044905
0.225 0.125 38.87500000047334
0.225 0.15000000000000002 38.87500000049763
0.225 0.17500000000000002 38.87500000052192
0.225 0.2 38.875000000546216
0.225 0.225 38.8750000005705
0.225 0.25 38.87500000059479
0.225 0.275 38.87500000061908
0.225 0.30000000000000004 38.87500000064337
0.225 0.325 38.875000000667654
0.225 0.35000000000000003 38.87500000069194
0.225 0.375 38.875000000716234
0.225 0.4 38.87500000074051
0.225 0.42500000000000004 38.87500000076481
0.225 0.45 38.8750000007891
0.225 0.47500000000000003 38.87500000081339
0.225 0.5 38.87500000083767
0.225 0.525 38.87500000086197
0.225 0.55 38.87500000088626
0.225 0.5750000000000001 38.875000000910546
0.225 0.6000000000000001 38.87500000093483
0.225 0.625 38.87500000095912
0.225 0.65 38.87500000098341
0.225 0.675 38.875000001007706
0.225 0.7000000000000001 38.87500000103199
0.225 0.7250000000000001 38.87500000105628
0.225 0.75 38.875000001080565
0.225 0.775 38.87500000110486
0.225 0.8 38.87500000112915
0.225 0.8250000000000001 38.87500000115344
0.225 0.8500000000000001 38.875000001177725
0.225 0.875 38.87500000120201
0.225 0.9 38.8750000012263
0.225 0.925 38.87500000125059
0.225 0.9500000000000001 38.87500000127488
0.225 0.9750000000000001 38.87500000129917
0.225 1.0 38.87500000132346
0.25 0.0 38.75000000034055
0.25 0.025 38.750000000364054
0.25 0.05 38.75000000038755
0.25 0.07500000000000001 38.75000000041107
0.25 0.1 38.750000000434575
0.25 0.125 38.75000000045808
0.25 0.15000000000000002 38.75000000048158
0.25 0.17500000000000002 38.75000000050509
0.25 0.2 38.7500000005286
0.25 0.225 38.750000000552106
0.25 0.25 38.750000000575604
0.25 0.275 38.750000000599115
0.25 0.30000000000000004 38.75000000062262
0.25 0.325 38.75000000064613
0.25 0.35000000000000003 38.75000000066963
0.25 0.375 38.750000000693134
0.25 0.4 38.750000000716646
0.25 0.42500000000000004 38.75000000074015
0.25 0.45 38.750000000763656
0.25 0.47500000000000003 38.75000000078716
0.25 0.5 38.75000000081067
0.25 0.525 38.75000000083418
0.25 0.55 38.75000000085768
0.25 0.5750000000000001 38.75000000088119
0.25 0.6000000000000001 38.75000000090469
0.25 0.625 38.750000000928196
0.25 0.65 38.75000000095171
0.25 0.675 38.75000000097521
0.25 0.7000000000000001 38.75000000099872
0.25 0.7250000000000001 38.75000000102222
0.25 0.75 38.750000001045734
0.25 0.775 38.75000000106924
0.25 0.8 38.750000001092744
0.25 0.8250000000000001 38.75000000111625
0.25 0.8500000000000001 38.75000000113975
0.25 0.875 38.75000000116326
0.25 0.9 38.75000000118676
0.25 0.925 38.75000000121027
0.25 0.9500000000000001 38.75000000123377
0.25 0.9750000000000001 38.750000001257284
0.25 1.0 38.75000000128079
0.275 0.0 38.625000000329194
0.275 0.025 38.62500000035192
0.275 0.05 38.62500000037465
0.275 0.07500000000000001 38.62500000039737
0.275 0.1 38.625000000420094
0.275 0.125 38.625000000442824
0.275 0.15000000000000002 38.62500000046553
0.275 0.17500000000000002 38.62500000048826
0.275 0.2 38.62500000051099
0.275 0.225 38.62500000053371
0.275 0.25 38.625000000556426
0.275 0.275 38.625000000579156
0.275 0.30000000000000004 38.62500000060188
0.275 0.325 38.6250000006246
0.275 0.35000000000000003 38.625000000647326
0.275 0.375 38.62500000067005
0.275 0.4 38.62500000069277
0.275 0.42500000000000004 38.62500000071549
0.275 0.45 38.62500000073822
0.275 0.47500000000000003 38.625000000760934
0.275 0.5 38.62500000078366
0.275 0.525 38.62500000080639
0.275 0.55 38.62500000082911
0.275 0.5750000000000001 38.625000000851834
0.275 0.6000000000000001 38.62500000087455
0.275 0.625 38.62500000089727
0.275 0.65 38.62500000092
0.275 0.675 38.62500000094272
0.275 0.7000000000000001 38.62500000096544
0.275 0.7250000000000001 38.625000000988166
0.275 0.75 38.62500000101089
0.275 0.775 38.62500000103361
0.275 0.8 38.625000001056335
0.275 0.8250000000000001 38.62500000107906
0.275 0.8500000000000001 38.62500000110178
0.275 0.875 38.625000001124505
0.275 0.9 38.62500000114723
0.275 0.925 38.62500000116995
0.275 0.9500000000000001 38.625000001192674
0.275 0.9750000000000001 38.6250000012154
0.275 1.0 38.62500000123812
0.30000000000000004 0.0 38.500000000317854
0.30000000000000004 0.025 38.500000000339796
0.30000000000000004 0.05 38.50000000036174
0.30000000000000004 0.07500000000000001 38.50000000038368
0.30000000000000004 0.1 38.50000000040561
0.30000000000000004 0.125 38.500000000427555
0.30000000000000004 0.15000000000000002 38.500000000449496
0.30000000000000004 0.17500000000000002 38.50000000047143
0.30000000000000004 0.2 38.500000000493365
0.30000000000000004 0.225 38.500000000515314
0.30000000000000004 0.25 38.50000000053725
0.30000000000000004 0.275 38.5000000005592
0.30000000000000004 0.30000000000000004 38.50000000058113
0.30000000000000004 0.325 38.50000000060307
0.30000000000000004 0.35000000000000003 38.50000000062501
0.30000000000000004 0.375 38.500000000646956
0.30000000000000004 0.4 38.50000000066889
0.30000000000000004 0.42500000000000004 38.50000000069083
0.30000000000000004 0.45 38.500000000712774
0.30000000000000004 0.47500000000000003 38.500000000734715
0.30000000000000004 0.5 38.50000000075665
0.30000000000000004 0.525 38.50000000077859
0.30000000000000004 0.55 38.50000000080053
0.30000000000000004 0.5750000000000001 38.50000000082247
0.30000000000000004 0.6000000000000001 38.50000000084441
0.30000000000000004 0.625 38.50000000086635
0.30000000000000004 0.65 38.50000000088829
0.30000000000000004 0.675 38.50000000091023
0.30000000000000004 0.7000000000000001 38.500000000932175
0.30000000000000004 0.7250000000000001 38.50000000095412
0.30000000000000004 0.75 38.500000000976044
0.30000000000000004 0.775 38.50000000099799
0.30000000000000004 0.8 38.50000000101993
0.30000000000000004 0.8250000000000001 38.50000000104187
0.30000000000000004 0.8500000000000001 38.50000000106381
0.30000000000000004 0.875 38.50000000108575
0.30000000000000004 0.9 38.50000000110769
0.30000000000000004 0.925 38.500000001129635
0.30000000000000004 0.9500000000000001 38.50000000115158
0.30000000000000004 0.9750000000000001 38.50000000117351
0.30000000000000004 1.0 38.50000000119545
0.325 0.0 38.37500000030651
0.325 0.025 38.375000000327674
0.325 0.05 38.37500000034882
0.325 0.07500000000000001 38.37500000036999
0.325 0.1 38.37500000039114
0.325 0.125 38.3750000004123
0.325 0.15000000000000002 38.375000000433445
0.325 0.17500000000000002 38.37500000045461
0.325 0.2 38.375000000475765
0.325 0.225 38.375000000496925
0.325 0.25 38.375000000518085
0.325 0.275 38.37500000053923
0.325 0.30000000000000004 38.37500000056039
0.325 0.325 38.37500000058155
0.325 0.35000000000000003 38.375000000602704
0.325 0.375 38.375000000623864
0.325 0.4 38.37500000064502
0.325 0.42500000000000004 38.37500000066618
0.325 0.45 38.375000000687336
0.325 0.47500000000000003 38.37500000070849
0.325 0.5 38.37500000072965
0.325 0.525 38.3750000007508
0.325 0.55 38.37500000077196
0.325 0.5750000000000001 38.37500000079312
0.325 0.6000000000000001 38.37500000081428
0.325 0.625 38.37500000083543
0.325 0.65 38.37500000085659
0.325 0.675 38.37500000087775
0.325 0.7000000000000001 38.37500000089891
0.325 0.7250000000000001 38.37500000092006
0.325 0.75 38.37500000094122
0.325 0.775 38.37500000096237
0.325 0.8 38.37500000098353
0.325 0.8250000000000001 38.37500000100469
0.325 0.8500000000000001 38.375000001025846
0.325 0.875 38.375000001047
0.325 0.9 38.37500000106816
0.325 0.925 38.37500000108932
0.325 0.9500000000000001 38.37500000111047
0.325 0.9750000000000001 38.375000001131625
0.325 1.0 38.375000001152785
0.35000000000000003 0.0 38.25000000029516
0.35000000000000003 0.025 38.250000000315524
0.35000000000000003 0.05 38.2500000003359
0.35000000000000003 0.07500000000000001 38.25000000035628
0.35000000000000003 0.1 38.25000000037666
0.35000000000000003 0.125 38.25000000039702
0.35000000000000003 0.15000000000000002 38.2500000004174
0.35000000000000003 0.17500000000000002 38.25000000043777
0.35000000000000003 0.2 38.25000000045815
0.35000000000000003 0.225 38.25000000047852
0.35000000000000003 0.25 38.25000000049889
0.35000000000000003 0.275 38.25000000051927
0.35000000000000003 0.30000000000000004 38.25000000053964
0.35000000000000003 0.325 38.25000000056002
0.35000000000000003 0.35000000000000003 38.250000000580386
0.35000000000000003 0.375 38.25000000060077
0.35000000000000003 0.4 38.25000000062114
0.35000000000000003 0.42500000000000004 38.25000000064151
0.35000000000000003 0.45 38.25000000066189
0.35000000000000003 0.47500000000000003 38.25000000068226
0.35000000000000003 0.5 38.250000000702634
0.35000000000000003 0.525 38.250000000723006
0.35000000000000003 0.55 38.250000000743384
0.35000000000000003 0.5750000000000001 38.25000000076376
0.35000000000000003 0.6000000000000001 38.250000000784134
0.35000000000000003 0.625 38.250000000804505
0.35000000000000003 0.65 38.25000000082487
0.35000000000000003 0.675 38.250000000845255
0.35000000000000003 0.7000000000000001 38.250000000865626
0.35000000000000003 0.7250000000000001 38.250000000886004
0.35000000000000003 0.75 38.250000000906375
0.35000000000000003 0.775 38.25000000092675
0.35000000000000003 0.8 38.250000000947125
0.35000000000000003 0.8250000000000001 38.250000000967496
0.35000000000000003 0.8500000000000001 38.25000000098787
0.35000000000000003 0.875 38.25000000100824
0.35000000000000003 0.9 38.250000001028624
0.35000000000000003 0.925 38.25000000104899
0.35000000000000003 0.9500000000000001 38.25000000106937
0.35000000000000003 0.9750000000000001 38.25000000108974
0.35000000000000003 1.0 38.25000000111011
0.375 0.0 38.12500000028381
0.375 0.025 38.1250000003034
0.375 0.05 38.125000000323
0.375 0.07500000000000001 38.12500000034259
0.375 0.1 38.12500000036218
0.375 0.125 38.12500000038177
0.375 0.15000000000000002 38.125000000401364
0.375 0.17500000000000002 38.125000000420954
0.375 0.2 38.125000000440544
0.375 0.225 38.12500000046013
0.375 0.25 38.12500000047972
0.375 0.275 38.12500000049931
0.375 0.30000000000000004 38.1250000005189
0.375 0.325 38.1250000005385
0.375 0.35000000000000003 38.12500000055809
0.375 0.375 38.12500000057767
0.375 0.4 38.12500000059727
0.375 0.42500000000000004 38.12500000061686
0.375 0.45 38.12500000063645
0.375 0.47500000000000003 38.125000000656044
0.375 0.5 38.12500000067563
0.375 0.525 38.12500000069522
0.375 0.55 38.12500000071481
0.375 0.5750000000000001 38.1250000007344
0.375 0.6000000000000001 38.125000000754
0.375 0.625 38.12500000077358
0.375 0.65 38.12500000079318
0.375 0.675 38.12500000081277
0.375 0.7000000000000001 38.12500000083236
0.375 0.7250000000000001 38.125000000851955
0.375 0.75 38.12500000087154
0.375 0.775 38.125000000891134
0.375 0.8 38.12500000091072
0.375 0.8250000000000001 38.125000000930314
0.375 0.8500000000000001 38.125000000949896
0.375 0.875 38.12500000096949
0.375 0.9 38.12500000098908
0.375 0.925 38.12500000100868
0.375 0.9500000000000001 38.12500000102826
0.375 0.9750000000000001 38.12500000104785
0.375 1.0 38.12500000106745
0.4 0.0 38.000000000272465
0.4 0.025 38.00000000029127
0.4 0.05 38.00000000031008
0.4 0.07500000000000001 38.00000000032889
0.4 0.1 38.0000000003477
0.4 0.125 38.000000000366505
0.4 0.15000000000000002 38.00000000038531
0.4 0.17500000000000002 38.00000000040412
0.4 0.2 38.00000000042293
0.4 0.225 38.00000000044173
0.4 0.25 38.000000000460545
0.4 0.275 38.00000000047935
0.4 0.30000000000000004 38.00000000049816
0.4 0.325 38.00000000051697
0.4 0.35000000000000003 38.00000000053577
0.4 0.375 38.000000000554586
0.4 0.4 38.000000000573394
0.4 0.42500000000000004 38.0000000005922
0.4 0.45 38.00000000061101
0.4 0.47500000000000003 38.00000000062981
0.4 0.5 38.000000000648626
0.4 0.525 38.000000000667434
0.4 0.55 38.00000000068624
0.4 0.5750000000000001 38.00000000070505
0.4 0.6000000000000001 38.00000000072386
0.4 0.625 38.00000000074266
0.4 0.65 38.000000000761474
0.4 0.675 38.000000000780275
0.4 0.7000000000000001 38.00000000079909
0.4 0.7250000000000001 38.00000000081789
0.4 0.75 38.0000000008367
0.4 0.775 38.00000000085551
0.4 0.8 38.00000000087432
0.4 0.8250000000000001 38.000000000893124
0.4 0.8500000000000001 38.00000000091194
0.4 0.875 38.00000000093074
0.4 0.9 38.00000000094955
0.4 0.925 38.000000000968356
0.4 0.9500000000000001 38.000000000987164
0.4 0.9750000000000001 38.00000000100597
0.4 1.0 38.00000000102478
0.42500000000000004 0.0 37.87500000026112
0.42500000000000004 0.025 37.875000000279144
0.42500000000000004 0.05 37.87500000029716
0.42500000000000004 0.07500000000000001 37.8750000003152
0.42500000000000004 0.1 37.875000000333216
0.42500000000000004 0.125 37.87500000035124
0.42500000000000004 0.15000000000000002 37.87500000036927
0.42500000000000004 0.17500000000000002 37.87500000038729
0.42500000000000004 0.2 37.87500000040532
0.42500000000000004 0.225 37.87500000042334
0.42500000000000004 0.25 37.87500000044137
0.42500000000000004 0.275 37.875000000459394
0.42500000000000004 0.30000000000000004 37.87500000047742
0.42500000000000004 0.325 37.87500000049545
0.42500000000000004 0.35000000000000003 37.87500000051347
0.42500000000000004 0.375 37.87500000053149
0.42500000000000004 0.4 37.87500000054952
0.42500000000000004 0.42500000000000004 37.875000000567546
0.42500000000000004 0.45 37.875000000585565
0.42500000000000004 0.47500000000000003 37.87500000060359
0.42500000000000004 0.5 37.87500000062161
0.42500000000000004 0.525 37.87500000063964
0.42500000000000004 0.55 37.875000000657664
0.42500000000000004 0.5750000000000001 37.87500000067569
0.42500000000000004 0.6000000000000001 37.87500000069372
0.42500000000000004 0.625 37.87500000071174
0.42500000000000004 0.65 37.87500000072976
0.42500000000000004 0.675 37.87500000074779
0.42500000000000004 0.7000000000000001 37.87500000076581
0.42500000000000004 0.7250000000000001 37.87500000078384
0.42500000000000004 0.75 37.87500000080186
0.42500000000000004 0.775 37.87500000081989
0.42500000000000004 0.8 37.875000000837915
0.42500000000000004 0.8250000000000001 37.875000000855934
0.42500000000000004 0.8500000000000001 37.87500000087397
0.42500000000000004 0.875 37.87500000089199
0.42500000000000004 0.9 37.875000000910006
0.42500000000000004 0.925 37.87500000092804
0.42500000000000004 0.9500000000000001 37.87500000094606
0.42500000000000004 0.9750000000000001 37.87500000096409
0.42500000000000004 1.0 37.87500000098211
0.45 0.0 37.75000000024977
0.45 0.025 37.750000000267015
0.45 0.05 37.75000000028425
0.45 0.07500000000000001 37.750000000301505
0.45 0.1 37.75000000031874
0.45 0.125 37.75000000033599
0.45 0.15000000000000002 37.750000000353225
0.45 0.17500000000000002 37.75000000037046
0.45 0.2 37.750000000387715
0.45 0.225 37.750000000404945
0.45 0.25 37.75000000042219
0.45 0.275 37.750000000439435
0.45 0.30000000000000004 37.75000000045667
0.45 0.325 37.75000000047392
0.45 0.35000000000000003 37.750000000491156
0.45 0.375 37.75000000050839
0.45 0.4 37.750000000525645
0.45 0.42500000000000004 37.75000000054288
0.45 0.45 37.75000000056013
0.45 0.47500000000000003 37.750000000577366
0.45 0.5 37.75000000059461
0.45 0.525 37.750000000611855
0.45 0.55 37.75000000062909
0.45 0.5750000000000001 37.75000000064634
0.45 0.6000000000000001 37.75000000066358
0.45 0.625 37.750000000680814
0.45 0.65 37.750000000698066
0.45 0.675 37.7500000007153
0.45 0.7000000000000001 37.75000000073254
0.45 0.7250000000000001 37.750000000749786
0.45 0.75 37.75000000076703
0.45 0.775 37.75000000078427
0.45 0.8 37.75000000080151
0.45 0.8250000000000001 37.75000000081875
0.45 0.8500000000000001 37.750000000835996
0.45 0.875 37.750000000853234
0.45 0.9 37.75000000087048
0.45 0.925 37.750000000887724
0.45 0.9500000000000001 37.75000000090496
0.45 0.9750000000000001 37.750000000922206
0.45 1.0 37.750000000939444
0.47500000000000003 0.0 37.62500000023842
0.47500000000000003 0.025 37.62500000025488
0.47500000000000003 0.05 37.62500000027134
0.47500000000000003 0.07500000000000001 37.625000000287805
0.47500000000000003 0.1 37.62500000030426
0.47500000000000003 0.125 37.62500000032071
0.47500000000000003 0.15000000000000002 37.625000000337174
0.47500000000000003 0.17500000000000002 37.62500000035363
0.47500000000000003 0.2 37.62500000037009
0.47500000000000003 0.225 37.62500000038656
0.47500000000000003 0.25 37.62500000040301
0.47500000000000003 0.275 37.62500000041947
0.47500000000000003 0.30000000000000004 37.62500000043593
0.47500000000000003 0.325 37.62500000045239
0.47500000000000003 0.35000000000000003 37.625000000468845
0.47500000000000003 0.375 37.62500000048531
0.47500000000000003 0.4 37.625000000501764
0.47500000000000003 0.42500000000000004 37.62500000051823
0.47500000000000003 0.45 37.62500000053468
0.47500000000000003 0.47500000000000003 37.62500000055114
0.47500000000000003 0.5 37.6250000005676
0.47500000000000003 0.525 37.62500000058406
0.47500000000000003 0.55 37.625000000600515
0.47500000000000003 0.5750000000000001 37.62500000061698
0.47500000000000003 0.6000000000000001 37.625000000633435
0.47500000000000003 0.625 37.62500000064989
0.47500000000000003 0.65 37.62500000066635
0.47500000000000003 0.675 37.62500000068281
0.47500000000000003 0.7000000000000001 37.62500000069927
0.47500000000000003 0.7250000000000001 37.62500000071572
0.47500000000000003 0.75 37.625000000732186
0.47500000000000003 0.775 37.62500000074864
0.47500000000000003 0.8 37.6250000007651
0.47500000000000003 0.8250000000000001 37.62500000078157
0.47500000000000003 0.8500000000000001 37.625000000798025
0.47500000000000003 0.875 37.62500000081448
0.47500000000000003 0.9 37.62500000083094
0.47500000000000003 0.925 37.62500000084739
0.47500000000000003 0.9500000000000001 37.62500000086385
0.47500000000000003 0.9750000000000001 37.625000000880306
0.47500000000000003 1.0 37.625000000896776
0.5 0.0 37.500000000227075
0.5 0.025 37.50000000024275
0.5 0.05 37.50000000025843
0.5 0.07500000000000001 37.500000000274106
0.5 0.1 37.50000000028978
0.5 0.125 37.500000000305455
0.5 0.15000000000000002 37.50000000032113
0.5 0.17500000000000002 37.50000000033681
0.5 0.2 37.500000000352486
0.5 0.225 37.50000000036816
0.5 0.25 37.500000000383835
0.5 0.275 37.50000000039951
0.5 0.30000000000000004 37.500000000415184
0.5 0.325 37.500000000430866
0.5 0.35000000000000003 37.50000000044653
0.5 0.375 37.500000000462215
0.5 0.4 37.50000000047789
0.5 0.42500000000000004 37.500000000493564
0.5 0.45 37.500000000509246
0.5 0.47500000000000003 37.50000000052492
0.5 0.5 37.500000000540595
0.5 0.525 37.50000000055627
0.5 0.55 37.500000000571944
0.5 0.5750000000000001 37.50000000058762
0.5 0.6000000000000001 37.5000000006033
0.5 0.625 37.50000000061897
0.5 0.65 37.50000000063465
0.5 0.675 37.50000000065032
0.5 0.7000000000000001 37.500000000666006
0.5 0.7250000000000001 37.50000000068167
0.5 0.75 37.500000000697355
0.5 0.775 37.50000000071302
0.5 0.8 37.500000000728704
0.5 0.8250000000000001 37.50000000074438
0.5 0.8500000000000001 37.50000000076005
0.5 0.875 37.50000000077573
0.5 0.9 37.5000000007914
0.5 0.925 37.50000000080708
0.5 0.9500000000000001 37.50000000082275
0.5 0.9750000000000001 37.50000000083843
0.5 1.0 37.50000000085411
0.525 0.0 37.375000000215735
0.525 0.025 37.375000000230614
0.525 0.05 37.375000000245514
0.525 0.07500000000000001 37.37500000026041
0.525 0.1 37.37500000027531
0.525 0.125 37.3750000002902
0.525 0.15000000000000002 37.375000000305086
0.525 0.17500000000000002 37.37500000031998
0.525 0.2 37.37500000033487
0.525 0.225 37.37500000034977
0.525 0.25 37.37500000036466
0.525 0.275 37.37500000037956
0.525 0.30000000000000004 37.375000000394444
0.525 0.325 37.37500000040934
0.525 0.35000000000000003 37.37500000042423
0.525 0.375 37.37500000043912
0.525 0.4 37.375000000454015
0.525 0.42500000000000004 37.37500000046891
0.525 0.45 37.37500000048381
0.525 0.47500000000000003 37.37500000049869
0.525 0.5 37.37500000051358
0.525 0.525 37.37500000052848
0.525 0.55 37.37500000054337
0.525 0.5750000000000001 37.375000000558266
0.525 0.6000000000000001 37.37500000057316
0.525 0.625 37.375000000588045
0.525 0.65 37.375000000602945
0.525 0.675 37.37500000061783
0.525 0.7000000000000001 37.375000000632724
0.525 0.7250000000000001 37.37500000064762
0.525 0.75 37.37500000066251
0.525 0.775 37.3750000006774
0.525 0.8 37.375000000692296
0.525 0.8250000000000001 37.37500000070719
0.525 0.8500000000000001 37.37500000072208
0.525 0.875 37.375000000736975
0.525 0.9 37.37500000075187
0.525 0.925 37.37500000076676
0.525 0.9500000000000001 37.375000000781654
0.525 0.9750000000000001 37.37500000079655
0.525 1.0 37.37500000081144
0.55 0.0 37.25000000020438
0.55 0.025 37.25000000021849
0.55 0.05 37.2500000002326
0.55 0.07500000000000001 37.25000000024671
0.55 0.1 37.250000000260826
0.55 0.125 37.25000000027493
0.55 0.15000000000000002 37.25000000028904
0.55 0.17500000000000002 37.25000000030315
0.55 0.2 37.250000000317264
0.55 0.225 37.250000000331376
0.55 0.25 37.25000000034548
0.55 0.275 37.25000000035959
0.55 0.30000000000000004 37.2500000003737
0.55 0.325 37.250000000387814
0.55 0.35000000000000003 37.250000000401926
0.55 0.375 37.25000000041603
0.55 0.4 37.25000000043014
0.55 0.42500000000000004 37.250000000444246
0.55 0.45 37.250000000458364
0.55 0.47500000000000003 37.25000000047247
0.55 0.5 37.25000000048658
0.55 0.525 37.25000000050069
0.55 0.55 37.2500000005148
0.55 0.5750000000000001 37.250000000528914
0.55 0.6000000000000001 37.25000000054302
0.55 0.625 37.25000000055713
0.55 0.65 37.250000000571234
0.55 0.675 37.250000000585345
0.55 0.7000000000000001 37.25000000059946
0.55 0.7250000000000001 37.25000000061356
0.55 0.75 37.25000000062768
0.55 0.775 37.25000000064178
0.55 0.8 37.250000000655895
0.55 0.8250000000000001 37.250000000670006
0.55 0.8500000000000001 37.25000000068411
0.55 0.875 37.25000000069822
0.55 0.9 37.25000000071233
0.55 0.925 37.250000000726445
0.55 0.9500000000000001 37.25000000074055
0.55 0.9750000000000001 37.25000000075466
0.55 1.0 37.25000000076877
0.5750000000000001 0.0 37.12500000019304
0.5750000000000001 0.025 37.12500000020637
0.5750000000000001 0.05 37.12500000021969
0.5750000000000001 0.07500000000000001 37.12500000023302
0.5750000000000001 0.1 37.12500000024635
0.5750000000000001 0.125 37.125000000259675
0.5750000000000001 0.15000000000000002 37.125000000273005
0.5750000000000001 0.17500000000000002 37.12500000028632
0.5750000000000001 0.2 37.12500000029966
0.5750000000000001 0.225 37.12500000031298
0.5750000000000001 0.25 37.1250000003263
0.5750000000000001 0.275 37.12500000033963
0.5750000000000001 0.30000000000000004 37.12500000035296
0.5750000000000001 0.325 37.125000000366285
0.5750000000000001 0.35000000000000003 37.12500000037961
0.5750000000000001 0.375 37.12500000039294
0.5750000000000001 0.4 37.12500000040627
0.5750000000000001 0.42500000000000004 37.12500000041959
0.5750000000000001 0.45 37.12500000043292
0.5750000000000001 0.47500000000000003 37.12500000044624
0.5750000000000001 0.5 37.125000000459565
0.5750000000000001 0.525 37.125000000472895
0.5750000000000001 0.55 37.125000000486224
0.5750000000000001 0.5750000000000001 37.12500000049955
0.5750000000000001 0.6000000000000001 37.125000000512884
0.5750000000000001 0.625 37.12500000052621
0.5750000000000001 0.65 37.12500000053953
0.5750000000000001 0.675 37.12500000055286
0.5750000000000001 0.7000000000000001 37.12500000056618
0.5750000000000001 0.7250000000000001 37.12500000057951
0.5750000000000001 0.75 37.125000000592834
0.5750000000000001 0.775 37.125000000606164
0.5750000000000001 0.8 37.125000000619494
0.5750000000000001 0.8250000000000001 37.12500000063282
0.5750000000000001 0.8500000000000001 37.12500000064614
0.5750000000000001 0.875 37.12500000065947
0.5750000000000001 0.9 37.1250000006728
0.5750000000000001 0.925 37.12500000068613
0.5750000000000001 0.9500000000000001 37.125000000699444
0.5750000000000001 0.9750000000000001 37.125000000712774
0.5750000000000001 1.0 37.125000000726104
0.6000000000000001 0.0 37.00000000018169
0.6000000000000001 0.025 37.000000000194234
0.6000000000000001 0.05 37.000000000206775
0.6000000000000001 0.07500000000000001 37.00000000021933
0.6000000000000001 0.1 37.00000000023187
0.6000000000000001 0.125 37.000000000244405
0.6000000000000001 0.15000000000000002 37.00000000025695
0.6000000000000001 0.17500000000000002 37.000000000269495
0.6000000000000001 0.2 37.00000000028204
0.6000000000000001 0.225 37.000000000294584
0.6000000000000001 0.25 37.000000000307125
0.6000000000000001 0.275 37.00000000031967
0.6000000000000001 0.30000000000000004 37.000000000332214
0.6000000000000001 0.325 37.00000000034476
0.6000000000000001 0.35000000000000003 37.000000000357296
0.6000000000000001 0.375 37.00000000036985
0.6000000000000001 0.4 37.00000000038239
0.6000000000000001 0.42500000000000004 37.000000000394934
0.6000000000000001 0.45 37.000000000407475
0.6000000000000001 0.47500000000000003 37.000000000420016
0.6000000000000001 0.5 37.000000000432564
0.6000000000000001 0.525 37.000000000445105
0.6000000000000001 0.55 37.000000000457646
0.6000000000000001 0.5750000000000001 37.000000000470195
0.6000000000000001 0.6000000000000001 37.000000000482736
0.6000000000000001 0.625 37.00000000049528
0.6000000000000001 0.65 37.000000000507825
0.6000000000000001 0.675 37.000000000520366
0.6000000000000001 0.7000000000000001 37.000000000532914
0.6000000000000001 0.7250000000000001 37.000000000545455
0.6000000000000001 0.75 37.000000000557996
0.6000000000000001 0.775 37.000000000570545
0.6000000000000001 0.8 37.000000000583086
0.6000000000000001 0.8250000000000001 37.000000000595634
0.6000000000000001 0.8500000000000001 37.000000000608175
0.6000000000000001 0.875 37.00000000062072
0.6000000000000001 0.9 37.000000000633264
0.6000000000000001 0.925 37.00000000064581
0.6000000000000001 0.9500000000000001 37.00000000065835
0.6000000000000001 0.9750000000000001 37.000000000670894
0.6000000000000001 1.0 37.000000000683436
0.625 0.0 36.875000000170346
0.625 0.025 36.875000000182105
0.625 0.05 36.875000000193864
0.625 0.07500000000000001 36.87500000020563
0.625 0.1 36.87500000021738
0.625 0.125 36.87500000022915
0.625 0.15000000000000002 36.87500000024091
0.625 0.17500000000000002 36.87500000025267
0.625 0.2 36.87500000026443
0.625 0.225 36.87500000027619
0.625 0.25 36.875000000287955
0.625 0.275 36.87500000029971
0.625 0.30000000000000004 36.875000000311466
0.625 0.325 36.87500000032323
0.625 0.35000000000000003 36.87500000033499
0.625 0.375 36.87500000034675
0.625 0.4 36.87500000035851
0.625 0.42500000000000004 36.87500000037028
0.625 0.45 36.87500000038203
0.625 0.47500000000000003 36.87500000039379
0.625 0.5 36.87500000040556
0.625 0.525 36.875000000417316
0.625 0.55 36.875000000429075
0.625 0.5750000000000001 36.875000000440835
0.625 0.6000000000000001 36.8750000004526
0.625 0.625 36.875000000464354
0.625 0.65 36.87500000047612
0.625 0.675 36.87500000048788
0.625 0.7000000000000001 36.87500000049964
0.625 0.7250000000000001 36.8750000005114
0.625 0.75 36.87500000052316
0.625 0.775 36.875000000534925
0.625 0.8 36.875000000546684
0.625 0.8250000000000001 36.875000000558444
0.625 0.8500000000000001 36.8750000005702
0.625 0.875 36.87500000058196
0.625 0.9 36.87500000059372
0.625 0.925 36.87500000060548
0.625 0.9500000000000001 36.87500000061725
0.625 0.9750000000000001 36.87500000062901
0.625 1.0 36.87500000064077
0.65 0.0 36.750000000159
0.65 0.025 36.75000000016997
0.65 0.05 36.750000000180954
0.65 0.07500000000000001 36.75000000019193
0.65 0.1 36.75000000020291
0.65 0.125 36.75000000021388
0.65 0.15000000000000002 36.750000000224865
0.65 0.17500000000000002 36.750000000235836
0.65 0.2 36.750000000246814
0.65 0.225 36.75000000025779
0.65 0.25 36.75000000026878
0.65 0.275 36.75000000027975
0.65 0.30000000000000004 36.750000000290726
0.65 0.325 36.7500000003017
0.65 0.35000000000000003 36.75000000031268
0.65 0.375 36.75000000032366
0.65 0.4 36.75000000033464
0.65 0.42500000000000004 36.750000000345615
0.65 0.45 36.75000000035659
0.65 0.47500000000000003 36.75000000036757
0.65 0.5 36.75000000037855
0.65 0.525 36.75000000038953
0.65 0.55 36.7500000004005
0.65 0.5750000000000001 36.75000000041148
0.65 0.6000000000000001 36.75000000042245
0.65 0.625 36.75000000043344
0.65 0.65 36.750000000444416
0.65 0.675 36.75000000045539
0.65 0.7000000000000001 36.750000000466365
0.65 0.7250000000000001 36.75000000047734
0.65 0.75 36.75000000048833
0.65 0.775 36.7500000004993
0.65 0.8 36.750000000510276
0.65 0.8250000000000001 36.750000000521254
0.65 0.8500000000000001 36.75000000053223
0.65 0.875 36.75000000054321
0.65 0.9 36.750000000554195
0.65 0.925 36.750000000565166
0.65 0.9500000000000001 36.750000000576144
0.65 0.9750000000000001 36.75000000058712
0.65 1.0 36.7500000005981
0.675 0.0 36.62500000014765
0.675 0.025 36.62500000015785
0.675 0.05 36.625000000168036
0.675 0.07500000000000001 36.62500000017824
0.675 0.1 36.62500000018843
0.675 0.125 36.62500000019862
0.675 0.15000000000000002 36.625000000208814
0.675 0.17500000000000002 36.62500000021902
0.675 0.2 36.62500000022921
0.675 0.225 36.6250000002394
0.675 0.25 36.6250000002496
0.675 0.275 36.62500000025979
0.675 0.30000000000000004 36.625000000269985
0.675 0.325 36.62500000028018
0.675 0.35000000000000003 36.62500000029037
0.675 0.375 36.625000000300574
0.675 0.4 36.62500000031076
0.675 0.42500000000000004 36.62500000032096
0.675 0.45 36.625000000331156
0.675 0.47500000000000003 36.625000000341345
0.675 0.5 36.625000000351534
0.675 0.525 36.62500000036174
0.675 0.55 36.625000000371934
0.675 0.5750000000000001 36.62500000038212
0.675 0.6000000000000001 36.62500000039232
0.675 0.625 36.625000000402515
0.675 0.65 36.625000000412705
0.675 0.675 36.6250000004229
0.675 0.7000000000000001 36.6250000004331
0.675 0.7250000000000001 36.62500000044329
0.675 0.75 36.62500000045349
0.675 0.775 36.625000000463686
0.675 0.8 36.625000000473875
0.675 0.8250000000000001 36.62500000048407
0.675 0.8500000000000001 36.62500000049427
0.675 0.875 36.62500000050446
0.675 0.9 36.62500000051465
0.675 0.925 36.62500000052485
0.675 0.9500000000000001 36.62500000053504
0.675 0.9750000000000001 36.625000000545235
0.675 1.0 36.62500000055543
0.7000000000000001 0.0 36.5000000001363
0.7000000000000001 0.025 36.50000000014571
0.7000000000000001 0.05 36.50000000015512
0.7000000000000001 0.07500000000000001 36.50000000016454
0.7000000000000001 0.1 36.500000000173955
0.7000000000000001 0.125 36.500000000183356
0.7000000000000001 0.15000000000000002 36.50000000019277
0.7000000000000001 0.17500000000000002 36.500000000202185
0.7000000000000001 0.2 36.50000000021159
0.7000000000000001 0.225 36.50000000022101
0.7000000000000001 0.25 36.50000000023042
0.7000000000000001 0.275 36.50000000023984
0.7000000000000001 0.30000000000000004 36.500000000249244
0.7000000000000001 0.325 36.50000000025866
0.7000000000000001 0.35000000000000003 36.50000000026806
0.7000000000000001 0.375 36.500000000277474
0.7000000000000001 0.4 36.50000000028689
0.7000000000000001 0.42500000000000004 36.500000000296296
0.7000000000000001 0.45 36.50000000030571
0.7000000000000001 0.47500000000000003 36.50000000031512
0.7000000000000001 0.5 36.50000000032453
0.7000000000000001 0.525 36.50000000033394
0.7000000000000001 0.55 36.500000000343356
0.7000000000000001 0.5750000000000001 36.50000000035277
0.7000000000000001 0.6000000000000001 36.50000000036218
0.7000000000000001 0.625 36.50000000037159
0.7000000000000001 0.65 36.500000000381
0.7000000000000001 0.675 36.500000000390415
0.7000000000000001 0.7000000000000001 36.50000000039982
0.7000000000000001 0.7250000000000001 36.50000000040923
0.7000000000000001 0.75 36.500000000418645
0.7000000000000001 0.775 36.50000000042806
0.7000000000000001 0.8 36.500000000437474
0.7000000000000001 0.8250000000000001 36.50000000044689
0.7000000000000001 0.8500000000000001 36.50000000045629
0.7000000000000001 0.875 36.500000000465704
0.7000000000000001 0.9 36.50000000047512
0.7000000000000001 0.925 36.500000000484526
0.7000000000000001 0.9500000000000001 36.50000000049394
0.7000000000000001 0.9750000000000001 36.500000000503356
0.7000000000000001 1.0 36.50000000051276
0.7250000000000001 0.0 36.375000000124956
0.7250000000000001 0.025 36.375000000133575
0.7250000000000001 0.05 36.375000000142215
0.7250000000000001 0.07500000000000001 36.37500000015085
0.7250000000000001 0.1 36.37500000015947
0.7250000000000001 0.125 36.3750000001681
0.7250000000000001 0.15000000000000002 36.375000000176726
0.7250000000000001 0.17500000000000002 36.37500000018535
0.7250000000000001 0.2 36.375000000193985
0.7250000000000001 0.225 36.37500000020262
0.7250000000000001 0.25 36.37500000021124
0.7250000000000001 0.275 36.37500000021987
0.7250000000000001 0.30000000000000004 36.375000000228496
0.7250000000000001 0.325 36.37500000023713
0.7250000000000001 0.35000000000000003 36.37500000024575
0.7250000000000001 0.375 36.37500000025438
0.7250000000000001 0.4 36.375000000263014
0.7250000000000001 0.42500000000000004 36.37500000027164
0.7250000000000001 0.45 36.375000000280274
0.7250000000000001 0.47500000000000003 36.37500000028889
0.7250000000000001 0.5 36.375000000297526
0.7250000000000001 0.525 36.37500000030616
0.7250000000000001 0.55 36.37500000031478
0.7250000000000001 0.5750000000000001 36.37500000032341
0.7250000000000001 0.6000000000000001 36.37500000033204
0.7250000000000001 0.625 36.37500000034067
0.7250000000000001 0.65 36.375000000349296
0.7250000000000001 0.675 36.37500000035793
0.7250000000000001 0.7000000000000001 36.37500000036655
0.7250000000000001 0.7250000000000001 36.37500000037518
0.7250000000000001 0.75 36.37500000038381
0.7250000000000001 0.775 36.37500000039244
0.7250000000000001 0.8 36.375000000401066
0.7250000000000001 0.8250000000000001 36.3750000004097
0.7250000000000001 0.8500000000000001 36.375000000418325
0.7250000000000001 0.875 36.37500000042696
0.7250000000000001 0.9 36.37500000043558
0.7250000000000001 0.925 36.37500000044421
0.7250000000000001 0.9500000000000001 36.375000000452836
0.7250000000000001 0.9750000000000001 36.37500000046146
0.7250000000000001 1.0 36.375000000470095
0.75 0.0 36.25000000011361
0.75 0.025 36.25000000012145
0.75 0.05 36.250000000129305
0.75 0.07500000000000001 36.250000000137156
0.75 0.1 36.25000000014499
0.75 0.125 36.25000000015284
0.75 0.15000000000000002 36.250000000160675
0.75 0.17500000000000002 36.25000000016852
0.75 0.2 36.25000000017638
0.75 0.225 36.25000000018422
0.75 0.25 36.25000000019207
0.75 0.275 36.25000000019991
0.75 0.30000000000000004 36.250000000207756
0.75 0.325 36.25000000021561
0.75 0.35000000000000003 36.250000000223444
0.75 0.375 36.250000000231296
0.75 0.4 36.25000000023914
0.75 0.42500000000000004 36.250000000246985
0.75 0.45 36.25000000025483
0.75 0.47500000000000003 36.25000000026267
0.75 0.5 36.25000000027052
0.75 0.525 36.25000000027836
0.75 0.55 36.25000000028621
0.75 0.5750000000000001 36.25000000029406
0.75 0.6000000000000001 36.2500000003019
0.75 0.625 36.25000000030975
0.75 0.65 36.25000000031759
0.75 0.675 36.25000000032544
0.75 0.7000000000000001 36.25000000033327
0.75 0.7250000000000001 36.250000000341124
0.75 0.75 36.25000000034897
0.75 0.775 36.25000000035682
0.75 0.8 36.250000000364665
0.75 0.8250000000000001 36.25000000037251
0.75 0.8500000000000001 36.25000000038035
0.75 0.875 36.250000000388205
0.75 0.9 36.25000000039605
0.75 0.925 36.250000000403894
0.75 0.9500000000000001 36.25000000041173
0.75 0.9750000000000001 36.250000000419575
0.75 1.0 36.25000000042743
0.775 0.0 36.12500000010226
0.775 0.025 36.12500000010933
0.775 0.05 36.12500000011639
0.775 0.07500000000000001 36.12500000012345
0.775 0.1 36.12500000013051
0.775 0.125 36.125000000137575
0.775 0.15000000000000002 36.12500000014463
0.775 0.17500000000000002 36.12500000015171
0.775 0.2 36.125000000158764
0.775 0.225 36.12500000016583
0.775 0.25 36.12500000017289
0.775 0.275 36.12500000017995
0.775 0.30000000000000004 36.12500000018701
0.775 0.325 36.125000000194085
0.775 0.35000000000000003 36.12500000020113
0.775 0.375 36.1250000002082
0.775 0.4 36.125000000215266
0.775 0.42500000000000004 36.12500000022232
0.775 0.45 36.125000000229385
0.775 0.47500000000000003 36.12500000023645
0.775 0.5 36.12500000024351
0.775 0.525 36.12500000025057
0.775 0.55 36.125000000257636
0.775 0.5750000000000001 36.1250000002647
0.775 0.6000000000000001 36.12500000027176
0.775 0.625 36.125000000278824
0.775 0.65 36.12500000028589
0.775 0.675 36.12500000029295
0.775 0.7000000000000001 36.12500000030001
0.775 0.7250000000000001 36.125000000307075
0.775 0.75 36.12500000031414
0.775 0.775 36.125000000321194
0.775 0.8 36.12500000032826
0.775 0.8250000000000001 36.12500000033532
0.775 0.8500000000000001 36.12500000034238
0.775 0.875 36.125000000349445
0.775 0.9 36.12500000035651
0.775 0.925 36.12500000036357
0.775 0.9500000000000001 36.12500000037063
0.775 0.9750000000000001 36.125000000377696
0.775 1.0 36.12500000038476
0.8 0.0 36.000000000090914
0.8 0.025 36.000000000097195
0.8 0.05 36.00000000010347
0.8 0.07500000000000001 36.00000000010976
0.8 0.1 36.00000000011603
0.8 0.125 36.00000000012232
0.8 0.15000000000000002 36.000000000128594
0.8 0.17500000000000002 36.000000000134875
0.8 0.2 36.000000000141156
0.8 0.225 36.00000000014744
0.8 0.25 36.00000000015371
0.8 0.275 36.000000000159986
0.8 0.30000000000000004 36.00000000016627
0.8 0.325 36.000000000172555
0.8 0.35000000000000003 36.00000000017883
0.8 0.375 36.00000000018511
0.8 0.4 36.00000000019139
0.8 0.42500000000000004 36.000000000197666
0.8 0.45 36.00000000020395
0.8 0.47500000000000003 36.00000000021022
0.8 0.5 36.0000000002165
0.8 0.525 36.000000000222784
0.8 0.55 36.000000000229065
0.8 0.5750000000000001 36.000000000235346
0.8 0.6000000000000001 36.00000000024162
0.8 0.625 36.0000000002479
0.8 0.65 36.000000000254175
0.8 0.675 36.00000000026046
0.8 0.7000000000000001 36.00000000026674
0.8 0.7250000000000001 36.00000000027302
0.8 0.75 36.0000000002793
0.8 0.775 36.000000000285574
0.8 0.8 36.000000000291855
0.8 0.8250000000000001 36.00000000029814
0.8 0.8500000000000001 36.00000000030442
0.8 0.875 36.0000000003107
0.8 0.9 36.00000000031697
0.8 0.925 36.000000000323254
0.8 0.9500000000000001 36.000000000329536
0.8 0.9750000000000001 36.00000000033581
0.8 1.0 36.00000000034209
0.8250000000000001 0.0 35.875000000079574
0.8250000000000001 0.025 35.875000000085066
0.8250000000000001 0.05 35.87500000009056
0.8250000000000001 0.07500000000000001 35.87500000009606
0.8250000000000001 0.1 35.87500000010156
0.8250000000000001 0.125 35.87500000010706
0.8250000000000001 0.15000000000000002 35.87500000011255
0.8250000000000001 0.17500000000000002 35.87500000011804
0.8250000000000001 0.2 35.87500000012355
0.8250000000000001 0.225 35.87500000012904
0.8250000000000001 0.25 35.87500000013453
0.8250000000000001 0.275 35.87500000014003
0.8250000000000001 0.30000000000000004 35.875000000145526
0.8250000000000001 0.325 35.875000000151026
0.8250000000000001 0.35000000000000003 35.87500000015652
0.8250000000000001 0.375 35.87500000016202
0.8250000000000001 0.4 35.87500000016752
0.8250000000000001 0.42500000000000004 35.875000000173
0.8250000000000001 0.45 35.8750000001785
0.8250000000000001 0.47500000000000003 35.875000000184
0.8250000000000001 0.5 35.8750000001895
0.8250000000000001 0.525 35.87500000019499
0.8250000000000001 0.55 35.87500000020049
0.8250000000000001 0.5750000000000001 35.875000000205986
0.8250000000000001 0.6000000000000001 35.875000000211486
0.8250000000000001 0.625 35.87500000021697
0.8250000000000001 0.65 35.87500000022248
0.8250000000000001 0.675 35.87500000022797
0.8250000000000001 0.7000000000000001 35.87500000023347
0.8250000000000001 0.7250000000000001 35.87500000023896
0.8250000000000001 0.75 35.87500000024446
0.8250000000000001 0.775 35.87500000024995
0.8250000000000001 0.8 35.875000000255454
0.8250000000000001 0.8250000000000001 35.875000000260954
0.8250000000000001 0.8500000000000001 35.875000000266446
0.8250000000000001 0.875 35.87500000027194
0.8250000000000001 0.9 35.87500000027743
0.8250000000000001 0.925 35.87500000028293
0.8250000000000001 0.9500000000000001 35.87500000028844
0.8250000000000001 0.9750000000000001 35.87500000029393
0.8250000000000001 1.0 35.87500000029942
0.8500000000000001 0.0 35.750000000068226
0.8500000000000001 0.025 35.75000000007294
0.8500000000000001 0.05 35.75000000007765
0.8500000000000001 0.07500000000000001 35.750000000082366
0.8500000000000001 0.1 35.75000000008708
0.8500000000000001 0.125 35.750000000091795
0.8500000000000001 0.15000000000000002 35.750000000096506
0.8500000000000001 0.17500000000000002 35.75000000010121
0.8500000000000001 0.2 35.750000000105935
0.8500000000000001 0.225 35.75000000011064
0.8500000000000001 0.25 35.75000000011536
0.8500000000000001 0.275 35.750000000120075
0.8500000000000001 0.30000000000000004 35.750000000124786
0.8500000000000001 0.325 35.750000000129496
0.8500000000000001 0.35000000000000003 35.75000000013421
0.8500000000000001 0.375 35.75000000013892
0.8500000000000001 0.4 35.750000000143636
0.8500000000000001 0.42500000000000004 35.75000000014835
0.8500000000000001 0.45 35.750000000153065
0.8500000000000001 0.47500000000000003 35.75000000015777
0.8500000000000001 0.5 35.750000000162494
0.8500000000000001 0.525 35.7500000001672
0.8500000000000001 0.55 35.750000000171916
0.8500000000000001 0.5750000000000001 35.75000000017663
0.8500000000000001 0.6000000000000001 35.750000000181345
0.8500000000000001 0.625 35.75000000018605
0.8500000000000001 0.65 35.75000000019077
0.8500000000000001 0.675 35.750000000195485
0.8500000000000001 0.7000000000000001 35.75000000020019
0.8500000000000001 0.7250000000000001 35.75000000020491
0.8500000000000001 0.75 35.750000000209624
0.8500000000000001 0.775 35.75000000021433
0.8500000000000001 0.8 35.75000000021905
0.8500000000000001 0.8250000000000001 35.750000000223764
0.8500000000000001 0.8500000000000001 35.750000000228475
0.8500000000000001 0.875 35.75000000023319
0.8500000000000001 0.9 35.750000000237904
0.8500000000000001 0.925 35.750000000242615
0.8500000000000001 0.9500000000000001 35.750000000247326
0.8500000000000001 0.9750000000000001 35.750000000252044
0.8500000000000001 1.0 35.750000000256755
0.875 0.0 35.62500000005688
0.875 0.025 35.62500000006081
0.875 0.05 35.62500000006474
0.875 0.07500000000000001 35.625000000068674
0.875 0.1 35.625000000072596
0.875 0.125 35.62500000007653
0.875 0.15000000000000002 35.62500000008046
0.875 0.17500000000000002 35.62500000008439
0.875 0.2 35.62500000008833
0.875 0.225 35.62500000009225
0.875 0.25 35.62500000009618
0.875 0.275 35.625000000100115
0.875 0.30000000000000004 35.62500000010404
0.875 0.325 35.62500000010797
0.875 0.35000000000000003 35.62500000011189
0.875 0.375 35.62500000011583
0.875 0.4 35.62500000011976
0.875 0.42500000000000004 35.62500000012369
0.875 0.45 35.62500000012762
0.875 0.47500000000000003 35.62500000013155
0.875 0.5 35.62500000013548
0.875 0.525 35.625000000139416
0.875 0.55 35.62500000014334
0.875 0.5750000000000001 35.625000000147274
0.875 0.6000000000000001 35.62500000015121
0.875 0.625 35.62500000015513
0.875 0.65 35.62500000015906
0.875 0.675 35.625000000163
0.875 0.7000000000000001 35.62500000016693
0.875 0.7250000000000001 35.62500000017086
0.875 0.75 35.625000000174786
0.875 0.775 35.625000000178716
0.875 0.8 35.62500000018265
0.875 0.8250000000000001 35.625000000186574
0.875 0.8500000000000001 35.62500000019051
0.875 0.875 35.62500000019443
0.875 0.9 35.62500000019836
0.875 0.925 35.6250000002023
0.875 0.9500000000000001 35.62500000020623
0.875 0.9750000000000001 35.62500000021016
0.875 1.0 35.62500000021409
0.9 0.0 35.50000000004553
0.9 0.025 35.50000000004868
0.9 0.05 35.50000000005182
0.9 0.07500000000000001 35.500000000054975
0.9 0.1 35.50000000005812
0.9 0.125 35.50000000006126
0.9 0.15000000000000002 35.50000000006441
0.9 0.17500000000000002 35.50000000006756
0.9 0.2 35.500000000070706
0.9 0.225 35.500000000073854
0.9 0.25 35.500000000077
0.9 0.275 35.50000000008014
0.9 0.30000000000000004 35.5000000000833
0.9 0.325 35.500000000086445
0.9 0.35000000000000003 35.50000000008959
0.9 0.375 35.50000000009273
0.9 0.4 35.50000000009589
0.9 0.42500000000000004 35.500000000099035
0.9 0.45 35.50000000010218
0.9 0.47500000000000003 35.50000000010533
0.9 0.5 35.50000000010847
0.9 0.525 35.50000000011162
0.9 0.55 35.50000000011477
0.9 0.5750000000000001 35.500000000117915
0.9 0.6000000000000001 35.50000000012106
0.9 0.625 35.50000000012421
0.9 0.65 35.500000000127365
0.9 0.675 35.500000000130505
0.9 0.7000000000000001 35.50000000013365
0.9 0.7250000000000001 35.500000000136794
0.9 0.75 35.50000000013995
0.9 0.775 35.50000000014309
0.9 0.8 35.500000000146244
0.9 0.8250000000000001 35.500000000149385
0.9 0.8500000000000001 35.50000000015253
0.9 0.875 35.50000000015568
0.9 0.9 35.50000000015883
0.9 0.925 35.500000000161975
0.9 0.9500000000000001 35.50000000016512
0.9 0.9750000000000001 35.50000000016827
0.9 1.0 35.50000000017142
0.925 0.0 35.375000000034184
0.925 0.025 35.37500000003654
0.925 0.05 35.37500000003891
0.925 0.07500000000000001 35.37500000004127
0.925 0.1 35.37500000004364
0.925 0.125 35.37500000004601
0.925 0.15000000000000002 35.37500000004837
0.925 0.17500000000000002 35.375000000050726
0.925 0.2 35.3750000000531
0.925 0.225 35.375000000055465
0.925 0.25 35.37500000005783
0.925 0.275 35.37500000006019
0.925 0.30000000000000004 35.375000000062556
0.925 0.325 35.37500000006492
0.925 0.35000000000000003 35.375000000067274
0.925 0.375 35.37500000006964
0.925 0.4 35.37500000007201
0.925 0.42500000000000004 35.37500000007437
0.925 0.45 35.37500000007674
0.925 0.47500000000000003 35.375000000079105
0.925 0.5 35.375000000081464
0.925 0.525 35.37500000008383
0.925 0.55 35.375000000086196
0.925 0.5750000000000001 35.37500000008856
0.925 0.6000000000000001 35.37500000009093
0.925 0.625 35.37500000009329
0.925 0.65 35.375000000095646
0.925 0.675 35.37500000009801
0.925 0.7000000000000001 35.37500000010038
0.925 0.7250000000000001 35.375000000102744
0.925 0.75 35.37500000010511
0.925 0.775 35.37500000010747
0.925 0.8 35.375000000109836
0.925 0.8250000000000001 35.375000000112195
0.925 0.8500000000000001 35.37500000011457
0.925 0.875 35.375000000116934
0.925 0.9 35.37500000011929
0.925 0.925 35.37500000012166
0.925 0.9500000000000001 35.375000000124025
0.925 0.9750000000000001 35.37500000012639
0.925 1.0 35.37500000012875
0.9500000000000001 0.0 35.25000000002284
0.9500000000000001 0.025 35.250000000024414
0.9500000000000001 0.05 35.250000000026
0.9500000000000001 0.07500000000000001 35.25000000002758
0.9500000000000001 0.1 35.25000000002916
0.9500000000000001 0.125 35.250000000030745
0.9500000000000001 0.15000000000000002 35.25000000003232
0.9500000000000001 0.17500000000000002 35.2500000000339
0.9500000000000001 0.2 35.250000000035485
0.9500000000000001 0.225 35.25000000003707
0.9500000000000001 0.25 35.250000000038646
0.9500000000000001 0.275 35.25000000004022
0.9500000000000001 0.30000000000000004 35.25000000004181
0.9500000000000001 0.325 35.25000000004339
0.9500000000000001 0.35000000000000003 35.25000000004497
0.9500000000000001 0.375 35.250000000046555
0.9500000000000001 0.4 35.25000000004813
0.9500000000000001 0.42500000000000004 35.25000000004972
0.9500000000000001 0.45 35.2500000000513
0.9500000000000001 0.47500000000000003 35.25000000005287
0.9500000000000001 0.5 35.25000000005445
0.9500000000000001 0.525 35.25000000005603
0.9500000000000001 0.55 35.25000000005762
0.9500000000000001 0.5750000000000001 35.2500000000592
0.9500000000000001 0.6000000000000001 35.25000000006079
0.9500000000000001 0.625 35.250000000062364
0.9500000000000001 0.65 35.25000000006394
0.9500000000000001 0.675 35.250000000065526
0.9500000000000001 0.7000000000000001 35.25000000006711
0.9500000000000001 0.7250000000000001 35.25000000006869
0.9500000000000001 0.75 35.250000000070266
0.9500000000000001 0.775 35.25000000007185
0.9500000000000001 0.8 35.250000000073435
0.9500000000000001 0.8250000000000001 35.25000000007501
0.9500000000000001 0.8500000000000001 35.25000000007659
0.9500000000000001 0.875 35.250000000078174
0.9500000000000001 0.9 35.25000000007976
0.9500000000000001 0.925 35.25000000008134
0.9500000000000001 0.9500000000000001 35.25000000008291
0.9500000000000001 0.9750000000000001 35.25000000008449
0.9500000000000001 1.0 35.25000000008608
0.9750000000000001 0.0 35.12500000001149
0.9750000000000001 0.025 35.125000000012285
0.9750000000000001 0.05 35.12500000001308
0.9750000000000001 0.07500000000000001 35.125000000013884
0.9750000000000001 0.1 35.12500000001468
0.9750000000000001 0.125 35.12500000001548
0.9750000000000001 0.15000000000000002 35.12500000001628
0.9750000000000001 0.17500000000000002 35.12500000001708
0.9750000000000001 0.2 35.12500000001788
0.9750000000000001 0.225 35.12500000001867
0.9750000000000001 0.25 35.12500000001947
0.9750000000000001 0.275 35.125000000020265
0.9750000000000001 0.30000000000000004 35.12500000002107
0.9750000000000001 0.325 35.12500000002186
0.9750000000000001 0.35000000000000003 35.12500000002266
0.9750000000000001 0.375 35.125000000023455
0.9750000000000001 0.4 35.12500000002426
0.9750000000000001 0.42500000000000004 35.125000000025054
0.9750000000000001 0.45 35.12500000002586
0.9750000000000001 0.47500000000000003 35.125000000026645
0.9750000000000001 0.5 35.125000000027455
0.9750000000000001 0.525 35.12500000002825
0.9750000000000001 0.55 35.12500000002905
0.9750000000000001 0.5750000000000001 35.12500000002985
0.9750000000000001 0.6000000000000001 35.125000000030646
0.9750000000000001 0.625 35.125000000031434
0.9750000000000001 0.65 35.12500000003224
0.9750000000000001 0.675 35.12500000003303
0.9750000000000001 0.7000000000000001 35.12500000003384
0.9750000000000001 0.7250000000000001 35.12500000003463
0.9750000000000001 0.75 35.12500000003543
0.9750000000000001 0.775 35.12500000003623
0.9750000000000001 0.8 35.125000000037026
0.9750000000000001 0.8250000000000001 35.12500000003782
0.9750000000000001 0.8500000000000001 35.125000000038625
0.9750000000000001 0.875 35.12500000003942
0.9750000000000001 0.9 35.125000000040224
0.9750000000000001 0.925 35.12500000004102
0.9750000000000001 0.9500000000000001 35.12500000004181
0.9750000000000001 0.9750000000000001 35.12500000004261
0.9750000000000001 1.0 35.125000000043414
1.0 0.0 35.00000000000014
1.0 0.025 35.000000000000156
1.0 0.05 35.00000000000017
1.0 0.07500000000000001 35.00000000000019
1.0 0.1 35.0000000000002
1.0 0.125 35.00000000000022
1.0 0.15000000000000002 35.000000000000234
1.0 0.17500000000000002 35.00000000000025
1.0 0.2 35.00000000000026
1.0 0.225 35.00000000000028
1.0 0.25 35.00000000000029
1.0 0.275 35.00000000000031
1.0 0.30000000000000004 35.00000000000033
1.0 0.325 35.00000000000034
1.0 0.35000000000000003 35.000000000000355
1.0 0.375 35.00000000000037
1.0 0.4 35.000000000000384
1.0 0.42500000000000004 35.0000000000004
1.0 0.45 35.00000000000041
1.0 0.47500000000000003 35.000000000000426
1.0 0.5 35.00000000000044
1.0 0.525 35.000000000000455
1.0 0.55 35.000000000000476
1.0 0.5750000000000001 35.00000000000049
1.0 0.6000000000000001 35.000000000000504
1.0 0.625 35.00000000000052
1.0 0.65 35.00000000000054
1.0 0.675 35.00000000000055
1.0 0.7000000000000001 35.00000000000057
1.0 0.7250000000000001 35.00000000000058
1.0 0.75 35.0000000000006
1.0 0.775 35.00000000000061
1.0 0.8 35.000000000000625
1.0 0.8250000000000001 35.00000000000064
1.0 0.8500000000000001 35.000000000000654
1.0 0.875 35.00000000000067
1.0 0.9 35.00000000000068
1.0 0.925 35.000000000000696
1.0 0.9500000000000001 35.00000000000072
1.0 0.9750000000000001 35.00000000000073
1.0 1.0 35.000000000000746
