0.0 0.0 40.000000000454015
0.0 0.025 39.87500000050218
0.0 0.05 39.750000000550365
0.0 0.07500000000000001 39.62500000059854
0.0 0.1 39.50000000064671
0.0 0.125 39.37500000069488
0.0 0.15000000000000002 39.25000000074306
0.0 0.17500000000000002 39.12500000079123
0.0 0.2 39.00000000083941
0.0 0.225 38.87500000088758
0.0 0.25 38.750000000935756
0.0 0.275 38.625000000983924
0.0 0.30000000000000004 38.5000000010321
0.0 0.325 38.375000001080274
0.0 0.35000000000000003 38.25000000112844
0.0 0.375 38.125000001176616
0.0 0.4 38.00000000122479
0.0 0.42500000000000004 37.875000001272966
0.0 0.45 37.75000000132114
0.0 0.47500000000000003 37.625000001369315
0.0 0.5 37.50000000141749
0.0 0.525 37.375000001465665
0.0 0.55 37.25000000151384
0.0 0.5750000000000001 37.125000001562015
0.0 0.6000000000000001 37.00000000161019
0.0 0.625 36.875000001658364
0.0 0.65 36.75000000170653
0.0 0.675 36.62500000175471
0.0 0.7000000000000001 36.50000000180288
0.0 0.7250000000000001 36.375000001851056
0.0 0.75 36.250000001899224
0.0 0.775 36.1250000019474
0.0 0.8 36.00000000199557
0.0 0.8250000000000001 35.87500000204375
0.0 0.8500000000000001 35.75000000209192
0.0 0.875 35.6250000021401
0.0 0.9 35.50000000218827
0.0 0.925 35.37500000223644
0.0 0.9500000000000001 35.25000000228462
0.0 0.9750000000000001 35.12500000233279
0.0 1.0 35.000000002380965
0.025 0.0 39.87500000044267
0.025 0.025 39.75312500048964
0.025 0.05 39.6312500005366
0.025 0.07500000000000001 39.509375000583574
0.025 0.1 39.38750000063054
0.025 0.125 39.26562500067751
0.025 0.15000000000000002 39.14375000072449
0.025 0.17500000000000002 39.02187500077145
0.025 0.2 38.90000000081842
0.025 0.225 38.77812500086539
0.025 0.25 38.656250000912365
0.025 0.275 38.53437500095933
0.025 0.30000000000000004 38.4125000010063
0.025 0.325 38.29062500105327
0.025 0.35000000000000003 38.168750001100236
0.025 0.375 38.04687500114721
0.025 0.4 37.92500000119418
0.025 0.42500000000000004 37.80312500124114
0.025 0.45 37.68125000128812
0.025 0.47500000000000003 37.559375001335084
0.025 0.5 37.437500001382055
0.025 0.525 37.31562500142903
0.025 0.55 37.19375000147599
0.025 0.5750000000000001 37.07187500152296
0.025 0.6000000000000001 36.95000000156993
0.025 0.625 36.8281250016169
0.025 0.65 36.706250001663875
0.025 0.675 36.58437500171084
0.025 0.7000000000000001 36.4625000017578
0.025 0.7250000000000001 36.340625001804774
0.025 0.75 36.218750001851745
0.025 0.775 36.09687500189872
0.025 0.8 35.97500000194569
0.025 0.8250000000000001 35.85312500199265
0.025 0.8500000000000001 35.73125000203962
0.025 0.875 35.609375002086594
0.025 0.9 35.487500002133565
0.025 0.925 35.36562500218053
0.025 0.9500000000000001 35.2437500022275
0.025 0.9750000000000001 35.12187500227447
0.025 1.0 35.00000000232144
0.05 0.0 39.75000000043132
0.05 0.025 39.63125000047708
0.05 0.05 39.512500000522856
0.05 0.07500000000000001 39.393750000568616
0.05 0.1 39.27500000061438
0.05 0.125 39.156250000660144
0.05 0.15000000000000002 39.03750000070591
0.05 0.17500000000000002 38.91875000075168
0.05 0.2 38.80000000079744
0.05 0.225 38.68125000084321
0.05 0.25 38.56250000088897
0.05 0.275 38.443750000934735
0.05 0.30000000000000004 38.325000000980495
0.05 0.325 38.20625000102626
0.05 0.35000000000000003 38.08750000107203
0.05 0.375 37.9687500011178
0.05 0.4 37.85000000116356
0.05 0.42500000000000004 37.73125000120932
0.05 0.45 37.612500001255086
0.05 0.47500000000000003 37.49375000130085
0.05 0.5 37.37500000134662
0.05 0.525 37.25625000139239
0.05 0.55 37.13750000143814
0.05 0.5750000000000001 37.01875000148391
0.05 0.6000000000000001 36.900000001529676
0.05 0.625 36.781250001575444
0.05 0.65 36.662500001621204
0.05 0.675 36.54375000166697
0.05 0.7000000000000001 36.42500000171274
0.05 0.7250000000000001 36.3062500017585
0.05 0.75 36.18750000180427
0.05 0.775 36.068750001850034
0.05 0.8 35.950000001895795
0.05 0.8250000000000001 35.83125000194156
0.05 0.8500000000000001 35.71250000198732
0.05 0.875 35.59375000203309
0.05 0.9 35.47500000207886
0.05 0.925 35.35625000212462
0.05 0.9500000000000001 35.23750000217038
0.05 0.9750000000000001 35.11875000221615
0.05 1.0 35.00000000226191
0.07500000000000001 0.0 39.62500000041998
0.07500000000000001 0.025 39.50937500046454
0.07500000000000001 0.05 39.3937500005091
0.07500000000000001 0.07500000000000001 39.27812500055366
0.07500000000000001 0.1 39.16250000059822
0.07500000000000001 0.125 39.04687500064278
0.07500000000000001 0.15000000000000002 38.93125000068734
0.07500000000000001 0.17500000000000002 38.8156250007319
0.07500000000000001 0.2 38.70000000077646
0.07500000000000001 0.225 38.58437500082102
0.07500000000000001 0.25 38.46875000086558
0.07500000000000001 0.275 38.35312500091014
0.07500000000000001 0.30000000000000004 38.237500000954704
0.07500000000000001 0.325 38.12187500099927
0.07500000000000001 0.35000000000000003 38.00625000104382
0.07500000000000001 0.375 37.89062500108838
0.07500000000000001 0.4 37.775000001132945
0.07500000000000001 0.42500000000000004 37.65937500117751
0.07500000000000001 0.45 37.543750001222065
0.07500000000000001 0.47500000000000003 37.42812500126662
0.07500000000000001 0.5 37.312500001311186
0.07500000000000001 0.525 37.19687500135575
0.07500000000000001 0.55 37.081250001400306
0.07500000000000001 0.5750000000000001 36.96562500144487
0.07500000000000001 0.6000000000000001 36.85000000148943
0.07500000000000001 0.625 36.73437500153399
0.07500000000000001 0.65 36.61875000157855
0.07500000000000001 0.675 36.50312500162311
0.07500000000000001 0.7000000000000001 36.38750000166767
0.07500000000000001 0.7250000000000001 36.27187500171223
0.07500000000000001 0.75 36.156250001756796
0.07500000000000001 0.775 36.040625001801345
0.07500000000000001 0.8 35.925000001845916
0.07500000000000001 0.8250000000000001 35.80937500189047
0.07500000000000001 0.8500000000000001 35.69375000193503
0.07500000000000001 0.875 35.57812500197959
0.07500000000000001 0.9 35.46250000202415
0.07500000000000001 0.925 35.346875002068714
0.07500000000000001 0.9500000000000001 35.23125000211327
0.07500000000000001 0.9750000000000001 35.115625002157834
0.07500000000000001 1.0 35.00000000220239
0.1 0.0 39.500000000408626
0.1 0.025 39.38750000045198
0.1 0.05 39.27500000049533
0.1 0.07500000000000001 39.1625000005387
0.1 0.1 39.05000000058205
0.1 0.125 38.93750000062541
0.1 0.15000000000000002 38.825000000668766
0.1 0.17500000000000002 38.712500000712126
0.1 0.2 38.60000000075548
0.1 0.225 38.48750000079884
0.1 0.25 38.37500000084219
0.1 0.275 38.262500000885545
0.1 0.30000000000000004 38.1500000009289
0.1 0.325 38.03750000097226
0.1 0.35000000000000003 37.92500000101561
0.1 0.375 37.812500001058964
0.1 0.4 37.70000000110233
0.1 0.42500000000000004 37.58750000114568
0.1 0.45 37.47500000118904
0.1 0.47500000000000003 37.36250000123239
0.1 0.5 37.25000000127575
0.1 0.525 37.13750000131911
0.1 0.55 37.02500000136246
0.1 0.5750000000000001 36.91250000140582
0.1 0.6000000000000001 36.80000000144918
0.1 0.625 36.68750000149252
0.1 0.65 36.575000001535884
0.1 0.675 36.462500001579244
0.1 0.7000000000000001 36.350000001622604
0.1 0.7250000000000001 36.23750000166595
0.1 0.75 36.12500000170931
0.1 0.775 36.01250000175266
0.1 0.8 35.90000000179602
0.1 0.8250000000000001 35.787500001839376
0.1 0.8500000000000001 35.67500000188274
0.1 0.875 35.56250000192609
0.1 0.9 35.45000000196945
0.1 0.925 35.3375000020128
0.1 0.9500000000000001 35.225000002056156
0.1 0.9750000000000001 35.112500002099516
0.1 1.0 35.00000000214287
0.125 0.0 39.37500000039728
0.125 0.025 39.26562500043943
0.125 0.05 39.15625000048158
0.125 0.07500000000000001 39.046875000523734
0.125 0.1 38.93750000056589
0.125 0.125 38.82812500060804
0.125 0.15000000000000002 38.718750000650196
0.125 0.17500000000000002 38.609375000692346
0.125 0.2 38.500000000734495
0.125 0.225 38.390625000776645
0.125 0.25 38.2812500008188
0.125 0.275 38.17187500086095
0.125 0.30000000000000004 38.0625000009031
0.125 0.325 37.95312500094525
0.125 0.35000000000000003 37.8437500009874
0.125 0.375 37.734375001029555
0.125 0.4 37.62500000107171
0.125 0.42500000000000004 37.51562500111386
0.125 0.45 37.40625000115601
0.125 0.47500000000000003 37.29687500119815
0.125 0.5 37.18750000124031
0.125 0.525 37.07812500128246
0.125 0.55 36.968750001324615
0.125 0.5750000000000001 36.85937500136677
0.125 0.6000000000000001 36.75000000140892
0.125 0.625 36.64062500145107
0.125 0.65 36.53125000149322
0.125 0.675 36.421875001535376
0.125 0.7000000000000001 36.312500001577526
0.125 0.7250000000000001 36.20312500161968
0.125 0.75 36.09375000166183
0.125 0.775 35.98437500170398
0.125 0.8 35.87500000174613
0.125 0.8250000000000001 35.76562500178828
0.125 0.8500000000000001 35.656250001830436
0.125 0.875 35.546875001872586
0.125 0.9 35.437500001914735
0.125 0.925 35.32812500195689
0.125 0.9500000000000001 35.21875000199904
0.125 0.9750000000000001 35.10937500204119
0.125 1.0 35.00000000208335
0.15000000000000002 0.0 39.25000000038593
0.15000000000000002 0.025 39.143750000426884
0.15000000000000002 0.05 39.03750000046783
0.15000000000000002 0.07500000000000001 38.93125000050878
0.15000000000000002 0.1 38.82500000054973
0.15000000000000002 0.125 38.71875000059067
0.15000000000000002 0.15000000000000002 38.61250000063161
0.15000000000000002 0.17500000000000002 38.50625000067256
0.15000000000000002 0.2 38.40000000071352
0.15000000000000002 0.225 38.29375000075446
0.15000000000000002 0.25 38.1875000007954
0.15000000000000002 0.275 38.081250000836356
0.15000000000000002 0.30000000000000004 37.9750000008773
0.15000000000000002 0.325 37.868750000918254
0.15000000000000002 0.35000000000000003 37.76250000095919
0.15000000000000002 0.375 37.656250001000146
0.15000000000000002 0.4 37.55000000104109
0.15000000000000002 0.42500000000000004 37.44375000108204
0.15000000000000002 0.45 37.33750000112299
0.15000000000000002 0.47500000000000003 37.23125000116393
0.15000000000000002 0.5 37.125000001204874
0.15000000000000002 0.525 37.01875000124582
0.15000000000000002 0.55 36.91250000128677
0.15000000000000002 0.5750000000000001 36.806250001327726
0.15000000000000002 0.6000000000000001 36.700000001368664
0.15000000000000002 0.625 36.59375000140961
0.15000000000000002 0.65 36.48750000145056
0.15000000000000002 0.675 36.38125000149151
0.15000000000000002 0.7000000000000001 36.275000001532455
0.15000000000000002 0.7250000000000001 36.1687500015734
0.15000000000000002 0.75 36.06250000161435
0.15000000000000002 0.775 35.95625000165529
0.15000000000000002 0.8 35.850000001696245
0.15000000000000002 0.8250000000000001 35.74375000173719
0.15000000000000002 0.8500000000000001 35.637500001778136
0.15000000000000002 0.875 35.53125000181909
0.15000000000000002 0.9 35.425000001860035
0.15000000000000002 0.925 35.31875000190098
0.15000000000000002 0.9500000000000001 35.212500001941926
0.15000000000000002 0.9750000000000001 35.10625000198287
0.15000000000000002 1.0 35.00000000202382
0.17500000000000002 0.0 39.12500000037459
0.17500000000000002 0.025 39.02187500041433
0.17500000000000002 0.05 38.91875000045407
0.17500000000000002 0.07500000000000001 38.81562500049382
0.17500000000000002 0.1 38.71250000053356
0.17500000000000002 0.125 38.6093750005733
0.17500000000000002 0.15000000000000002 38.50625000061304
0.17500000000000002 0.17500000000000002 38.40312500065279
0.17500000000000002 0.2 38.300000000692535
0.17500000000000002 0.225 38.19687500073228
0.17500000000000002 0.25 38.09375000077201
0.17500000000000002 0.275 37.990625000811754
0.17500000000000002 0.30000000000000004 37.8875000008515
0.17500000000000002 0.325 37.784375000891245
0.17500000000000002 0.35000000000000003 37.68125000093099
0.17500000000000002 0.375 37.57812500097073
0.17500000000000002 0.4 37.47500000101047
0.17500000000000002 0.42500000000000004 37.37187500105021
0.17500000000000002 0.45 37.268750001089956
0.17500000000000002 0.47500000000000003 37.1656250011297
0.17500000000000002 0.5 37.06250000116944
0.17500000000000002 0.525 36.95937500120918
0.17500000000000002 0.55 36.85625000124893
0.17500000000000002 0.5750000000000001 36.753125001288666
0.17500000000000002 0.6000000000000001 36.65000000132841
0.17500000000000002 0.625 36.54687500136816
0.17500000000000002 0.65 36.4437500014079
0.17500000000000002 0.675 36.34062500144764
0.17500000000000002 0.7000000000000001 36.23750000148738
0.17500000000000002 0.7250000000000001 36.134375001527125
0.17500000000000002 0.75 36.03125000156687
0.17500000000000002 0.775 35.92812500160662
0.17500000000000002 0.8 35.82500000164636
0.17500000000000002 0.8250000000000001 35.721875001686094
0.17500000000000002 0.8500000000000001 35.61875000172584
0.17500000000000002 0.875 35.515625001765585
0.17500000000000002 0.9 35.41250000180532
0.17500000000000002 0.925 35.30937500184507
0.17500000000000002 0.9500000000000001 35.20625000188481
0.17500000000000002 0.9750000000000001 35.10312500192455
0.17500000000000002 1.0 35.000000001964295
0.2 0.0 39.000000000363244
0.2 0.025 38.90000000040178
0.2 0.05 38.80000000044032
0.2 0.07500000000000001 38.70000000047886
0.2 0.1 38.6000000005174
0.2 0.125 38.500000000555936
0.2 0.15000000000000002 38.40000000059448
0.2 0.17500000000000002 38.30000000063301
0.2 0.2 38.20000000067155
0.2 0.225 38.10000000071009
0.2 0.25 38.00000000074863
0.2 0.275 37.90000000078716
0.2 0.30000000000000004 37.8000000008257
0.2 0.325 37.70000000086424
0.2 0.35000000000000003 37.600000000902774
0.2 0.375 37.50000000094131
0.2 0.4 37.40000000097986
0.2 0.42500000000000004 37.30000000101839
0.2 0.45 37.200000001056935
0.2 0.47500000000000003 37.10000000109547
0.2 0.5 37.00000000113401
0.2 0.525 36.90000000117254
0.2 0.55 36.80000000121109
0.2 0.5750000000000001 36.70000000124962
0.2 0.6000000000000001 36.600000001288166
0.2 0.625 36.5000000013267
0.2 0.65 36.400000001365235
0.2 0.675 36.300000001403774
0.2 0.7000000000000001 36.20000000144231
0.2 0.7250000000000001 36.10000000148085
0.2 0.75 36.000000001519396
0.2 0.775 35.90000000155793
0.2 0.8 35.80000000159647
0.2 0.8250000000000001 35.700000001635004
0.2 0.8500000000000001 35.60000000167355
0.2 0.875 35.50000000171208
0.2 0.9 35.40000000175063
0.2 0.925 35.30000000178916
0.2 0.9500000000000001 35.2000000018277
0.2 0.9750000000000001 35.100000001866235
0.2 1.0 35.00000000190477
0.225 0.0 38.875000000351896
0.225 0.025 38.778125000389224
0.225 0.05 38.68125000042656
0.225 0.07500000000000001 38.5843750004639
0.225 0.1 38.487500000501235
0.225 0.125 38.39062500053856
0.225 0.15000000000000002 38.2937500005759
0.225 0.17500000000000002 38.19687500061323
0.225 0.2 38.100000000650574
0.225 0.225 38.00312500068791
0.225 0.25 37.90625000072524
0.225 0.275 37.80937500076257
0.225 0.30000000000000004 37.712500000799906
0.225 0.325 37.61562500083724
0.225 0.35000000000000003 37.51875000087457
0.225 0.375 37.4218750009119
0.225 0.4 37.32500000094924
0.225 0.42500000000000004 37.228125000986566
0.225 0.45 37.131250001023915
0.225 0.47500000000000003 37.034375001061235
0.225 0.5 36.93750000109858
0.225 0.525 36.840625001135905
0.225 0.55 36.74375000117324
0.225 0.5750000000000001 36.646875001210574
0.225 0.6000000000000001 36.55000000124791
0.225 0.625 36.453125001285244
0.225 0.65 36.35625000132258
0.225 0.675 36.25937500135991
0.225 0.7000000000000001 36.16250000139724
0.225 0.7250000000000001 36.065625001434576
0.225 0.75 35.96875000147192
0.225 0.775 35.871875001509245
0.225 0.8 35.77500000154658
0.225 0.8250000000000001 35.67812500158391
0.225 0.8500000000000001 35.58125000162124
0.225 0.875 35.48437500165858
0.225 0.9 35.38750000169591
0.225 0.925 35.29062500173325
0.225 0.9500000000000001 35.19375000177058
0.225 0.9750000000000001 35.096875001807916
0.225 1.0 35.00000000184525
0.25 0.0 38.75000000034055
0.25 0.025 38.65625000037667
0.25 0.05 38.562500000412804
0.25 0.07500000000000001 38.46875000044894
0.25 0.1 38.375000000485066
0.25 0.125 38.2812500005212
0.25 0.15000000000000002 38.18750000055732
0.25 0.17500000000000002 38.09375000059345
0.25 0.2 38.00000000062958
0.25 0.225 37.906250000665715
0.25 0.25 37.812500000701846
0.25 0.275 37.71875000073797
0.25 0.30000000000000004 37.6250000007741
0.25 0.325 37.53125000081023
0.25 0.35000000000000003 37.437500000846356
0.25 0.375 37.34375000088249
0.25 0.4 37.25000000091862
0.25 0.42500000000000004 37.15625000095475
0.25 0.45 37.06250000099087
0.25 0.47500000000000003 36.968750001027004
0.25 0.5 36.875000001063135
0.25 0.525 36.78125000109927
0.25 0.55 36.68750000113539
0.25 0.5750000000000001 36.59375000117152
0.25 0.6000000000000001 36.50000000120765
0.25 0.625 36.406250001243784
0.25 0.65 36.312500001279915
0.25 0.675 36.218750001316046
0.25 0.7000000000000001 36.12500000135217
0.25 0.7250000000000001 36.0312500013883
0.25 0.75 35.937500001424425
0.25 0.775 35.84375000146056
0.25 0.8 35.75000000149669
0.25 0.8250000000000001 35.65625000153282
0.25 0.8500000000000001 35.56250000156895
0.25 0.875 35.46875000160507
0.25 0.9 35.37500000164121
0.25 0.925 35.281250001677336
0.25 0.9500000000000001 35.18750000171347
0.25 0.9750000000000001 35.0937500017496
0.25 1.0 35.00000000178572
0.275 0.0 38.625000000329194
0.275 0.025 38.53437500036413
0.275 0.05 38.44375000039904
0.275 0.07500000000000001 38.35312500043398
0.275 0.1 38.262500000468904
0.275 0.125 38.17187500050383
0.275 0.15000000000000002 38.081250000538745
0.275 0.17500000000000002 37.99062500057367
0.275 0.2 37.9000000006086
0.275 0.225 37.80937500064353
0.275 0.25 37.71875000067845
0.275 0.275 37.628125000713375
0.275 0.30000000000000004 37.5375000007483
0.275 0.325 37.44687500078322
0.275 0.35000000000000003 37.35625000081815
0.275 0.375 37.26562500085308
0.275 0.4 37.175000000888005
0.275 0.42500000000000004 37.084375000922925
0.275 0.45 36.99375000095785
0.275 0.47500000000000003 36.90312500099277
0.275 0.5 36.8125000010277
0.275 0.525 36.72187500106263
0.275 0.55 36.631250001097555
0.275 0.5750000000000001 36.540625001132476
0.275 0.6000000000000001 36.4500000011674
0.275 0.625 36.359375001202324
0.275 0.65 36.26875000123725
0.275 0.675 36.17812500127218
0.275 0.7000000000000001 36.087500001307106
0.275 0.7250000000000001 35.996875001342026
0.275 0.75 35.90625000137695
0.275 0.775 35.815625001411874
0.275 0.8 35.7250000014468
0.275 0.8250000000000001 35.63437500148173
0.275 0.8500000000000001 35.543750001516656
0.275 0.875 35.45312500155158
0.275 0.9 35.362500001586504
0.275 0.925 35.271875001621424
0.275 0.9500000000000001 35.18125000165635
0.275 0.9750000000000001 35.09062500169128
0.275 1.0 35.00000000172621
0.30000000000000004 0.0 38.500000000317854
0.30000000000000004 0.025 38.41250000035157
0.30000000000000004 0.05 38.325000000385295
0.30000000000000004 0.07500000000000001 38.23750000041902
0.30000000000000004 0.1 38.150000000452735
0.30000000000000004 0.125 38.06250000048645
0.30000000000000004 0.15000000000000002 37.975000000520176
0.30000000000000004 0.17500000000000002 37.88750000055389
0.30000000000000004 0.2 37.800000000587616
0.30000000000000004 0.225 37.71250000062133
0.30000000000000004 0.25 37.62500000065506
0.30000000000000004 0.275 37.53750000068878
0.30000000000000004 0.30000000000000004 37.4500000007225
0.30000000000000004 0.325 37.36250000075622
0.30000000000000004 0.35000000000000003 37.27500000078994
0.30000000000000004 0.375 37.18750000082366
0.30000000000000004 0.4 37.100000000857385
0.30000000000000004 0.42500000000000004 37.0125000008911
0.30000000000000004 0.45 36.925000000924825
0.30000000000000004 0.47500000000000003 36.83750000095854
0.30000000000000004 0.5 36.750000000992266
0.30000000000000004 0.525 36.66250000102599
0.30000000000000004 0.55 36.575000001059706
0.30000000000000004 0.5750000000000001 36.48750000109342
0.30000000000000004 0.6000000000000001 36.40000000112715
0.30000000000000004 0.625 36.31250000116087
0.30000000000000004 0.65 36.22500000119459
0.30000000000000004 0.675 36.137500001228304
0.30000000000000004 0.7000000000000001 36.05000000126203
0.30000000000000004 0.7250000000000001 35.96250000129575
0.30000000000000004 0.75 35.87500000132947
0.30000000000000004 0.775 35.78750000136319
0.30000000000000004 0.8 35.700000001396916
0.30000000000000004 0.8250000000000001 35.61250000143063
0.30000000000000004 0.8500000000000001 35.52500000146435
0.30000000000000004 0.875 35.43750000149807
0.30000000000000004 0.9 35.3500000015318
0.30000000000000004 0.925 35.26250000156551
0.30000000000000004 0.9500000000000001 35.17500000159924
0.30000000000000004 0.9750000000000001 35.08750000163296
0.30000000000000004 1.0 35.00000000166668
0.325 0.0 38.37500000030651
0.325 0.025 38.29062500033902
0.325 0.05 38.20625000037154
0.325 0.07500000000000001 38.12187500040406
0.325 0.1 38.03750000043657
0.325 0.125 37.953125000469086
0.325 0.15000000000000002 37.868750000501606
0.325 0.17500000000000002 37.784375000534126
0.325 0.2 37.70000000056664
0.325 0.225 37.61562500059915
0.325 0.25 37.53125000063167
0.325 0.275 37.446875000664186
0.325 0.30000000000000004 37.3625000006967
0.325 0.325 37.27812500072922
0.325 0.35000000000000003 37.19375000076173
0.325 0.375 37.10937500079425
0.325 0.4 37.025000000826765
0.325 0.42500000000000004 36.940625000859285
0.325 0.45 36.856250000891805
0.325 0.47500000000000003 36.77187500092431
0.325 0.5 36.68750000095683
0.325 0.525 36.603125000989344
0.325 0.55 36.518750001021864
0.325 0.5750000000000001 36.434375001054384
0.325 0.6000000000000001 36.3500000010869
0.325 0.625 36.26562500111942
0.325 0.65 36.18125000115193
0.325 0.675 36.09687500118444
0.325 0.7000000000000001 36.012500001216964
0.325 0.7250000000000001 35.92812500124948
0.325 0.75 35.843750001282
0.325 0.775 35.75937500131451
0.325 0.8 35.67500000134702
0.325 0.8250000000000001 35.59062500137954
0.325 0.8500000000000001 35.50625000141206
0.325 0.875 35.421875001444576
0.325 0.9 35.33750000147709
0.325 0.925 35.25312500150961
0.325 0.9500000000000001 35.16875000154212
0.325 0.9750000000000001 35.084375001574635
0.325 1.0 35.000000001607155
0.35000000000000003 0.0 38.25000000029516
0.35000000000000003 0.025 38.16875000032647
0.35000000000000003 0.05 38.08750000035778
0.35000000000000003 0.07500000000000001 38.00625000038909
0.35000000000000003 0.1 37.925000000420404
0.35000000000000003 0.125 37.84375000045171
0.35000000000000003 0.15000000000000002 37.76250000048303
0.35000000000000003 0.17500000000000002 37.68125000051434
0.35000000000000003 0.2 37.60000000054565
0.35000000000000003 0.225 37.518750000576965
0.35000000000000003 0.25 37.437500000608274
0.35000000000000003 0.275 37.35625000063959
0.35000000000000003 0.30000000000000004 37.27500000067089
0.35000000000000003 0.325 37.19375000070221
0.35000000000000003 0.35000000000000003 37.11250000073352
0.35000000000000003 0.375 37.031250000764835
0.35000000000000003 0.4 36.950000000796145
0.35000000000000003 0.42500000000000004 36.86875000082746
0.35000000000000003 0.45 36.78750000085877
0.35000000000000003 0.47500000000000003 36.70625000089008
0.35000000000000003 0.5 36.62500000092139
0.35000000000000003 0.525 36.5437500009527
0.35000000000000003 0.55 36.46250000098402
0.35000000000000003 0.5750000000000001 36.38125000101533
0.35000000000000003 0.6000000000000001 36.30000000104664
0.35000000000000003 0.625 36.21875000107795
0.35000000000000003 0.65 36.13750000110926
0.35000000000000003 0.675 36.056250001140576
0.35000000000000003 0.7000000000000001 35.975000001171885
0.35000000000000003 0.7250000000000001 35.8937500012032
0.35000000000000003 0.75 35.81250000123451
0.35000000000000003 0.775 35.73125000126582
0.35000000000000003 0.8 35.65000000129713
0.35000000000000003 0.8250000000000001 35.568750001328446
0.35000000000000003 0.8500000000000001 35.487500001359756
0.35000000000000003 0.875 35.40625000139107
0.35000000000000003 0.9 35.32500000142238
0.35000000000000003 0.925 35.24375000145369
0.35000000000000003 0.9500000000000001 35.16250000148501
0.35000000000000003 0.9750000000000001 35.08125000151631
0.35000000000000003 1.0 35.000000001547626
0.375 0.0 38.12500000028381
0.375 0.025 38.04687500031392
0.375 0.05 37.96875000034403
0.375 0.07500000000000001 37.890625000374136
0.375 0.1 37.81250000040424
0.375 0.125 37.73437500043435
0.375 0.15000000000000002 37.65625000046446
0.375 0.17500000000000002 37.578125000494566
0.375 0.2 37.50000000052467
0.375 0.225 37.42187500055478
0.375 0.25 37.34375000058488
0.375 0.275 37.265625000614996
0.375 0.30000000000000004 37.1875000006451
0.375 0.325 37.10937500067521
0.375 0.35000000000000003 37.03125000070531
0.375 0.375 36.953125000735426
0.375 0.4 36.87500000076553
0.375 0.42500000000000004 36.79687500079564
0.375 0.45 36.71875000082574
0.375 0.47500000000000003 36.64062500085585
0.375 0.5 36.56250000088596
0.375 0.525 36.48437500091607
0.375 0.55 36.40625000094617
0.375 0.5750000000000001 36.32812500097628
0.375 0.6000000000000001 36.25000000100639
0.375 0.625 36.1718750010365
0.375 0.65 36.0937500010666
0.375 0.675 36.01562500109671
0.375 0.7000000000000001 35.937500001126814
0.375 0.7250000000000001 35.85937500115693
0.375 0.75 35.78125000118703
0.375 0.775 35.70312500121714
0.375 0.8 35.625000001247244
0.375 0.8250000000000001 35.54687500127736
0.375 0.8500000000000001 35.468750001307455
0.375 0.875 35.39062500133757
0.375 0.9 35.312500001367674
0.375 0.925 35.23437500139778
0.375 0.9500000000000001 35.15625000142789
0.375 0.9750000000000001 35.07812500145799
0.375 1.0 35.000000001488104
0.4 0.0 38.000000000272465
0.4 0.025 37.92500000030137
0.4 0.05 37.85000000033027
0.4 0.07500000000000001 37.77500000035918
0.4 0.1 37.70000000038808
0.4 0.125 37.62500000041698
0.4 0.15000000000000002 37.550000000445884
0.4 0.17500000000000002 37.475000000474786
0.4 0.2 37.400000000503695
0.4 0.225 37.32500000053259
0.4 0.25 37.2500000005615
0.4 0.275 37.1750000005904
0.4 0.30000000000000004 37.1000000006193
0.4 0.325 37.025000000648205
0.4 0.35000000000000003 36.95000000067711
0.4 0.375 36.87500000070601
0.4 0.4 36.80000000073491
0.4 0.42500000000000004 36.72500000076382
0.4 0.45 36.65000000079272
0.4 0.47500000000000003 36.57500000082162
0.4 0.5 36.50000000085052
0.4 0.525 36.42500000087943
0.4 0.55 36.35000000090833
0.4 0.5750000000000001 36.27500000093723
0.4 0.6000000000000001 36.200000000966135
0.4 0.625 36.12500000099504
0.4 0.65 36.05000000102394
0.4 0.675 35.97500000105285
0.4 0.7000000000000001 35.90000000108175
0.4 0.7250000000000001 35.82500000111065
0.4 0.75 35.750000001139554
0.4 0.775 35.675000001168456
0.4 0.8 35.60000000119736
0.4 0.8250000000000001 35.52500000122626
0.4 0.8500000000000001 35.45000000125516
0.4 0.875 35.37500000128407
0.4 0.9 35.300000001312966
0.4 0.925 35.225000001341876
0.4 0.9500000000000001 35.15000000137078
0.4 0.9750000000000001 35.07500000139968
0.4 1.0 35.00000000142858
0.42500000000000004 0.0 37.87500000026112
0.42500000000000004 0.025 37.803125000288816
0.42500000000000004 0.05 37.731250000316514
0.42500000000000004 0.07500000000000001 37.65937500034422
0.42500000000000004 0.1 37.58750000037191
0.42500000000000004 0.125 37.515625000399616
0.42500000000000004 0.15000000000000002 37.443750000427315
0.42500000000000004 0.17500000000000002 37.371875000455006
0.42500000000000004 0.2 37.30000000048271
0.42500000000000004 0.225 37.2281250005104
0.42500000000000004 0.25 37.1562500005381
0.42500000000000004 0.275 37.08437500056581
0.42500000000000004 0.30000000000000004 37.0125000005935
0.42500000000000004 0.325 36.9406250006212
0.42500000000000004 0.35000000000000003 36.868750000648895
0.42500000000000004 0.375 36.79687500067659
0.42500000000000004 0.4 36.7250000007043
0.42500000000000004 0.42500000000000004 36.653125000732
0.42500000000000004 0.45 36.581250000759695
0.42500000000000004 0.47500000000000003 36.50937500078739
0.42500000000000004 0.5 36.43750000081509
0.42500000000000004 0.525 36.36562500084278
0.42500000000000004 0.55 36.29375000087049
0.42500000000000004 0.5750000000000001 36.22187500089819
0.42500000000000004 0.6000000000000001 36.150000000925886
0.42500000000000004 0.625 36.07812500095358
0.42500000000000004 0.65 36.00625000098128
0.42500000000000004 0.675 35.93437500100897
0.42500000000000004 0.7000000000000001 35.86250000103668
0.42500000000000004 0.7250000000000001 35.79062500106438
0.42500000000000004 0.75 35.71875000109207
0.42500000000000004 0.775 35.646875001119774
0.42500000000000004 0.8 35.57500000114747
0.42500000000000004 0.8250000000000001 35.503125001175164
0.42500000000000004 0.8500000000000001 35.43125000120287
0.42500000000000004 0.875 35.35937500123057
0.42500000000000004 0.9 35.287500001258266
0.42500000000000004 0.925 35.215625001285964
0.42500000000000004 0.9500000000000001 35.14375000131366
0.42500000000000004 0.9750000000000001 35.071875001341354
0.42500000000000004 1.0 35.00000000136906
0.45 0.0 37.75000000024977
0.45 0.025 37.681250000276265
0.45 0.05 37.61250000030276
0.45 0.07500000000000001 37.543750000329254
0.45 0.1 37.47500000035575
0.45 0.125 37.40625000038225
0.45 0.15000000000000002 37.33750000040874
0.45 0.17500000000000002 37.26875000043523
0.45 0.2 37.200000000461735
0.45 0.225 37.13125000048822
0.45 0.25 37.06250000051471
0.45 0.275 36.993750000541205
0.45 0.30000000000000004 36.9250000005677
0.45 0.325 36.8562500005942
0.45 0.35000000000000003 36.787500000620696
0.45 0.375 36.718750000647184
0.45 0.4 36.65000000067368
0.45 0.42500000000000004 36.58125000070017
0.45 0.45 36.512500000726675
0.45 0.47500000000000003 36.443750000753155
0.45 0.5 36.37500000077966
0.45 0.525 36.306250000806145
0.45 0.55 36.23750000083264
0.45 0.5750000000000001 36.16875000085914
0.45 0.6000000000000001 36.100000000885636
0.45 0.625 36.031250000912124
0.45 0.65 35.962500000938626
0.45 0.675 35.89375000096511
0.45 0.7000000000000001 35.82500000099161
0.45 0.7250000000000001 35.7562500010181
0.45 0.75 35.6875000010446
0.45 0.775 35.61875000107109
0.45 0.8 35.55000000109759
0.45 0.8250000000000001 35.48125000112408
0.45 0.8500000000000001 35.412500001150576
0.45 0.875 35.343750001177064
0.45 0.9 35.275000001203566
0.45 0.925 35.20625000123005
0.45 0.9500000000000001 35.13750000125654
0.45 0.9750000000000001 35.06875000128304
0.45 1.0 35.00000000130954
0.47500000000000003 0.0 37.62500000023842
0.47500000000000003 0.025 37.55937500026371
0.47500000000000003 0.05 37.493750000289005
0.47500000000000003 0.07500000000000001 37.428125000314296
0.47500000000000003 0.1 37.36250000033958
0.47500000000000003 0.125 37.296875000364864
0.47500000000000003 0.15000000000000002 37.23125000039016
0.47500000000000003 0.17500000000000002 37.165625000415446
0.47500000000000003 0.2 37.10000000044074
0.47500000000000003 0.225 37.034375000466035
0.47500000000000003 0.25 36.96875000049132
0.47500000000000003 0.275 36.90312500051661
0.47500000000000003 0.30000000000000004 36.837500000541894
0.47500000000000003 0.325 36.77187500056719
0.47500000000000003 0.35000000000000003 36.706250000592476
0.47500000000000003 0.375 36.64062500061777
0.47500000000000003 0.4 36.57500000064306
0.47500000000000003 0.42500000000000004 36.50937500066835
0.47500000000000003 0.45 36.44375000069364
0.47500000000000003 0.47500000000000003 36.378125000718924
0.47500000000000003 0.5 36.312500000744215
0.47500000000000003 0.525 36.246875000769506
0.47500000000000003 0.55 36.1812500007948
0.47500000000000003 0.5750000000000001 36.11562500082008
0.47500000000000003 0.6000000000000001 36.05000000084537
0.47500000000000003 0.625 35.98437500087066
0.47500000000000003 0.65 35.918750000895955
0.47500000000000003 0.675 35.853125000921246
0.47500000000000003 0.7000000000000001 35.78750000094653
0.47500000000000003 0.7250000000000001 35.72187500097182
0.47500000000000003 0.75 35.65625000099711
0.47500000000000003 0.775 35.5906250010224
0.47500000000000003 0.8 35.52500000104769
0.47500000000000003 0.8250000000000001 35.459375001072985
0.47500000000000003 0.8500000000000001 35.39375000109827
0.47500000000000003 0.875 35.32812500112355
0.47500000000000003 0.9 35.26250000114885
0.47500000000000003 0.925 35.196875001174135
0.47500000000000003 0.9500000000000001 35.131250001199426
0.47500000000000003 0.9750000000000001 35.06562500122472
0.47500000000000003 1.0 35.00000000125001
0.5 0.0 37.500000000227075
0.5 0.025 37.43750000025116
0.5 0.05 37.37500000027524
0.5 0.07500000000000001 37.31250000029934
0.5 0.1 37.25000000032342
0.5 0.125 37.187500000347505
0.5 0.15000000000000002 37.125000000371585
0.5 0.17500000000000002 37.06250000039567
0.5 0.2 37.00000000041976
0.5 0.225 36.93750000044385
0.5 0.25 36.87500000046793
0.5 0.275 36.812500000492015
0.5 0.30000000000000004 36.7500000005161
0.5 0.325 36.68750000054018
0.5 0.35000000000000003 36.62500000056427
0.5 0.375 36.56250000058836
0.5 0.4 36.50000000061244
0.5 0.42500000000000004 36.437500000636525
0.5 0.45 36.37500000066061
0.5 0.47500000000000003 36.31250000068469
0.5 0.5 36.25000000070878
0.5 0.525 36.18750000073287
0.5 0.55 36.125000000756955
0.5 0.5750000000000001 36.062500000781036
0.5 0.6000000000000001 36.00000000080513
0.5 0.625 35.93750000082921
0.5 0.65 35.8750000008533
0.5 0.675 35.81250000087738
0.5 0.7000000000000001 35.750000000901466
0.5 0.7250000000000001 35.687500000925546
0.5 0.75 35.62500000094963
0.5 0.775 35.56250000097372
0.5 0.8 35.5000000009978
0.5 0.8250000000000001 35.43750000102189
0.5 0.8500000000000001 35.375000001045976
0.5 0.875 35.312500001070056
0.5 0.9 35.25000000109415
0.5 0.925 35.187500001118224
0.5 0.9500000000000001 35.12500000114232
0.5 0.9750000000000001 35.0625000011664
0.5 1.0 35.000000001190486
0.525 0.0 37.375000000215735
0.525 0.025 37.31562500023861
0.525 0.05 37.256250000261495
0.525 0.07500000000000001 37.19687500028437
0.525 0.1 37.137500000307256
0.525 0.125 37.07812500033013
0.525 0.15000000000000002 37.01875000035301
0.525 0.17500000000000002 36.9593750003759
0.525 0.2 36.90000000039878
0.525 0.225 36.84062500042166
0.525 0.25 36.78125000044454
0.525 0.275 36.72187500046742
0.525 0.30000000000000004 36.662500000490304
0.525 0.325 36.60312500051318
0.525 0.35000000000000003 36.54375000053606
0.525 0.375 36.48437500055894
0.525 0.4 36.425000000581825
0.525 0.42500000000000004 36.3656250006047
0.525 0.45 36.306250000627585
0.525 0.47500000000000003 36.24687500065047
0.525 0.5 36.187500000673346
0.525 0.525 36.12812500069623
0.525 0.55 36.068750000719106
0.525 0.5750000000000001 36.00937500074199
0.525 0.6000000000000001 35.950000000764874
0.525 0.625 35.89062500078775
0.525 0.65 35.831250000810634
0.525 0.675 35.77187500083351
0.525 0.7000000000000001 35.712500000856394
0.525 0.7250000000000001 35.65312500087927
0.525 0.75 35.59375000090215
0.525 0.775 35.53437500092504
0.525 0.8 35.475000000947915
0.525 0.8250000000000001 35.4156250009708
0.525 0.8500000000000001 35.356250000993676
0.525 0.875 35.29687500101656
0.525 0.9 35.237500001039436
0.525 0.925 35.17812500106231
0.525 0.9500000000000001 35.1187500010852
0.525 0.9750000000000001 35.05937500110808
0.525 1.0 35.00000000113096
0.55 0.0 37.25000000020438
0.55 0.025 37.19375000022606
0.55 0.05 37.137500000247734
0.55 0.07500000000000001 37.081250000269414
0.55 0.1 37.025000000291094
0.55 0.125 36.96875000031277
0.55 0.15000000000000002 36.91250000033444
0.55 0.17500000000000002 36.85625000035612
0.55 0.2 36.80000000037779
0.55 0.225 36.74375000039947
0.55 0.25 36.68750000042115
0.55 0.275 36.631250000442826
0.55 0.30000000000000004 36.5750000004645
0.55 0.325 36.51875000048618
0.55 0.35000000000000003 36.46250000050786
0.55 0.375 36.406250000529525
0.55 0.4 36.350000000551205
0.55 0.42500000000000004 36.293750000572885
0.55 0.45 36.237500000594565
0.55 0.47500000000000003 36.18125000061623
0.55 0.5 36.12500000063791
0.55 0.525 36.06875000065959
0.55 0.55 36.012500000681264
0.55 0.5750000000000001 35.956250000702944
0.55 0.6000000000000001 35.90000000072462
0.55 0.625 35.84375000074629
0.55 0.65 35.78750000076796
0.55 0.675 35.73125000078964
0.55 0.7000000000000001 35.67500000081132
0.55 0.7250000000000001 35.618750000833
0.55 0.75 35.562500000854676
0.55 0.775 35.506250000876356
0.55 0.8 35.45000000089803
0.55 0.8250000000000001 35.3937500009197
0.55 0.8500000000000001 35.33750000094138
0.55 0.875 35.281250000963055
0.55 0.9 35.225000000984735
0.55 0.925 35.16875000100641
0.55 0.9500000000000001 35.11250000102808
0.55 0.9750000000000001 35.05625000104976
0.55 1.0 35.00000000107144
0.5750000000000001 0.0 37.12500000019304
0.5750000000000001 0.025 37.07187500021351
0.5750000000000001 0.05 37.01875000023398
0.5750000000000001 0.07500000000000001 36.96562500025446
0.5750000000000001 0.1 36.91250000027493
0.5750000000000001 0.125 36.8593750002954
0.5750000000000001 0.15000000000000002 36.80625000031587
0.5750000000000001 0.17500000000000002 36.75312500033634
0.5750000000000001 0.2 36.70000000035682
0.5750000000000001 0.225 36.646875000377285
0.5750000000000001 0.25 36.593750000397755
0.5750000000000001 0.275 36.540625000418224
0.5750000000000001 0.30000000000000004 36.4875000004387
0.5750000000000001 0.325 36.43437500045918
0.5750000000000001 0.35000000000000003 36.38125000047964
0.5750000000000001 0.375 36.328125000500116
0.5750000000000001 0.4 36.27500000052059
0.5750000000000001 0.42500000000000004 36.22187500054106
0.5750000000000001 0.45 36.16875000056154
0.5750000000000001 0.47500000000000003 36.115625000582
0.5750000000000001 0.5 36.062500000602476
0.5750000000000001 0.525 36.00937500062295
0.5750000000000001 0.55 35.95625000064342
0.5750000000000001 0.5750000000000001 35.90312500066389
0.5750000000000001 0.6000000000000001 35.85000000068437
0.5750000000000001 0.625 35.79687500070484
0.5750000000000001 0.65 35.743750000725306
0.5750000000000001 0.675 35.69062500074578
0.5750000000000001 0.7000000000000001 35.63750000076625
0.5750000000000001 0.7250000000000001 35.58437500078672
0.5750000000000001 0.75 35.5312500008072
0.5750000000000001 0.775 35.47812500082766
0.5750000000000001 0.8 35.425000000848144
0.5750000000000001 0.8250000000000001 35.37187500086861
0.5750000000000001 0.8500000000000001 35.31875000088908
0.5750000000000001 0.875 35.26562500090955
0.5750000000000001 0.9 35.21250000093003
0.5750000000000001 0.925 35.159375000950504
0.5750000000000001 0.9500000000000001 35.106250000970974
0.5750000000000001 0.9750000000000001 35.05312500099144
0.5750000000000001 1.0 35.00000000101191
0.6000000000000001 0.0 37.00000000018169
0.6000000000000001 0.025 36.95000000020096
0.6000000000000001 0.05 36.900000000220224
0.6000000000000001 0.07500000000000001 36.8500000002395
0.6000000000000001 0.1 36.80000000025876
0.6000000000000001 0.125 36.75000000027802
0.6000000000000001 0.15000000000000002 36.700000000297294
0.6000000000000001 0.17500000000000002 36.65000000031657
0.6000000000000001 0.2 36.60000000033584
0.6000000000000001 0.225 36.5500000003551
0.6000000000000001 0.25 36.500000000374364
0.6000000000000001 0.275 36.450000000393636
0.6000000000000001 0.30000000000000004 36.4000000004129
0.6000000000000001 0.325 36.350000000432175
0.6000000000000001 0.35000000000000003 36.30000000045143
0.6000000000000001 0.375 36.250000000470706
0.6000000000000001 0.4 36.20000000048997
0.6000000000000001 0.42500000000000004 36.15000000050924
0.6000000000000001 0.45 36.10000000052851
0.6000000000000001 0.47500000000000003 36.05000000054777
0.6000000000000001 0.5 36.00000000056704
0.6000000000000001 0.525 35.95000000058631
0.6000000000000001 0.55 35.90000000060557
0.6000000000000001 0.5750000000000001 35.850000000624846
0.6000000000000001 0.6000000000000001 35.80000000064411
0.6000000000000001 0.625 35.75000000066338
0.6000000000000001 0.65 35.70000000068264
0.6000000000000001 0.675 35.65000000070191
0.6000000000000001 0.7000000000000001 35.60000000072118
0.6000000000000001 0.7250000000000001 35.55000000074045
0.6000000000000001 0.75 35.50000000075971
0.6000000000000001 0.775 35.450000000778985
0.6000000000000001 0.8 35.40000000079825
0.6000000000000001 0.8250000000000001 35.350000000817516
0.6000000000000001 0.8500000000000001 35.30000000083679
0.6000000000000001 0.875 35.250000000856055
0.6000000000000001 0.9 35.20000000087532
0.6000000000000001 0.925 35.15000000089459
0.6000000000000001 0.9500000000000001 35.10000000091386
0.6000000000000001 0.9750000000000001 35.050000000933125
0.6000000000000001 1.0 35.00000000095239
0.625 0.0 36.875000000170346
0.625 0.025 36.8281250001884
0.625 0.05 36.78125000020647
0.625 0.07500000000000001 36.73437500022453
0.625 0.1 36.68750000024259
0.625 0.125 36.640625000260655
0.625 0.15000000000000002 36.593750000278725
0.625 0.17500000000000002 36.54687500029678
0.625 0.2 36.500000000314856
0.625 0.225 36.45312500033291
0.625 0.25 36.40625000035097
0.625 0.275 36.359375000369035
0.625 0.30000000000000004 36.312500000387104
0.625 0.325 36.265625000405166
0.625 0.35000000000000003 36.21875000042323
0.625 0.375 36.17187500044129
0.625 0.4 36.12500000045935
0.625 0.42500000000000004 36.078125000477414
0.625 0.45 36.03125000049548
0.625 0.47500000000000003 35.98437500051354
0.625 0.5 35.9375000005316
0.625 0.525 35.89062500054967
0.625 0.55 35.84375000056773
0.625 0.5750000000000001 35.79687500058579
0.625 0.6000000000000001 35.75000000060386
0.625 0.625 35.703125000621924
0.625 0.65 35.656250000639986
0.625 0.675 35.60937500065805
0.625 0.7000000000000001 35.56250000067611
0.625 0.7250000000000001 35.51562500069417
0.625 0.75 35.468750000712234
0.625 0.775 35.4218750007303
0.625 0.8 35.37500000074836
0.625 0.8250000000000001 35.32812500076642
0.625 0.8500000000000001 35.28125000078448
0.625 0.875 35.23437500080255
0.625 0.9 35.18750000082061
0.625 0.925 35.14062500083868
0.625 0.9500000000000001 35.09375000085674
0.625 0.9750000000000001 35.0468750008748
0.625 1.0 35.00000000089287
0.65 0.0 36.750000000159
0.65 0.025 36.70625000017586
0.65 0.05 36.66250000019271
0.65 0.07500000000000001 36.61875000020958
0.65 0.1 36.57500000022643
0.65 0.125 36.53125000024329
0.65 0.15000000000000002 36.487500000260155
0.65 0.17500000000000002 36.44375000027701
0.65 0.2 36.400000000293865
0.65 0.225 36.35625000031072
0.65 0.25 36.31250000032758
0.65 0.275 36.26875000034444
0.65 0.30000000000000004 36.2250000003613
0.65 0.325 36.18125000037816
0.65 0.35000000000000003 36.137500000395015
0.65 0.375 36.09375000041188
0.65 0.4 36.05000000042873
0.65 0.42500000000000004 36.0062500004456
0.65 0.45 35.962500000462455
0.65 0.47500000000000003 35.918750000479314
0.65 0.5 35.87500000049617
0.65 0.525 35.83125000051303
0.65 0.55 35.78750000052989
0.65 0.5750000000000001 35.74375000054675
0.65 0.6000000000000001 35.700000000563605
0.65 0.625 35.656250000580464
0.65 0.65 35.61250000059732
0.65 0.675 35.56875000061418
0.65 0.7000000000000001 35.52500000063104
0.65 0.7250000000000001 35.4812500006479
0.65 0.75 35.437500000664755
0.65 0.775 35.393750000681614
0.65 0.8 35.35000000069847
0.65 0.8250000000000001 35.30625000071533
0.65 0.8500000000000001 35.26250000073219
0.65 0.875 35.21875000074905
0.65 0.9 35.17500000076591
0.65 0.925 35.131250000782764
0.65 0.9500000000000001 35.08750000079962
0.65 0.9750000000000001 35.04375000081648
0.65 1.0 35.000000000833346
0.675 0.0 36.62500000014765
0.675 0.025 36.584375000163305
0.675 0.05 36.54375000017896
0.675 0.07500000000000001 36.50312500019462
0.675 0.1 36.46250000021027
0.675 0.125 36.42187500022592
0.675 0.15000000000000002 36.38125000024157
0.675 0.17500000000000002 36.340625000257226
0.675 0.2 36.30000000027288
0.675 0.225 36.259375000288536
0.675 0.25 36.2187500003042
0.675 0.275 36.178125000319845
0.675 0.30000000000000004 36.13750000033549
0.675 0.325 36.096875000351154
0.675 0.35000000000000003 36.0562500003668
0.675 0.375 36.015625000382464
0.675 0.4 35.97500000039812
0.675 0.42500000000000004 35.93437500041377
0.675 0.45 35.89375000042943
0.675 0.47500000000000003 35.85312500044508
0.675 0.5 35.81250000046073
0.675 0.525 35.771875000476385
0.675 0.55 35.73125000049204
0.675 0.5750000000000001 35.690625000507694
0.675 0.6000000000000001 35.65000000052335
0.675 0.625 35.609375000539
0.675 0.65 35.56875000055466
0.675 0.675 35.52812500057031
0.675 0.7000000000000001 35.48750000058597
0.675 0.7250000000000001 35.44687500060162
0.675 0.75 35.40625000061728
0.675 0.775 35.36562500063293
0.675 0.8 35.325000000648586
0.675 0.8250000000000001 35.28437500066424
0.675 0.8500000000000001 35.243750000679896
0.675 0.875 35.20312500069555
0.675 0.9 35.162500000711205
0.675 0.925 35.12187500072686
0.675 0.9500000000000001 35.081250000742514
0.675 0.9750000000000001 35.04062500075816
0.675 1.0 35.00000000077382
0.7000000000000001 0.0 36.5000000001363
0.7000000000000001 0.025 36.46250000015075
0.7000000000000001 0.05 36.425000000165205
0.7000000000000001 0.07500000000000001 36.38750000017965
0.7000000000000001 0.1 36.35000000019411
0.7000000000000001 0.125 36.31250000020856
0.7000000000000001 0.15000000000000002 36.27500000022301
0.7000000000000001 0.17500000000000002 36.23750000023745
0.7000000000000001 0.2 36.200000000251904
0.7000000000000001 0.225 36.162500000266355
0.7000000000000001 0.25 36.1250000002808
0.7000000000000001 0.275 36.08750000029526
0.7000000000000001 0.30000000000000004 36.0500000003097
0.7000000000000001 0.325 36.01250000032415
0.7000000000000001 0.35000000000000003 35.975000000338596
0.7000000000000001 0.375 35.937500000353054
0.7000000000000001 0.4 35.9000000003675
0.7000000000000001 0.42500000000000004 35.86250000038195
0.7000000000000001 0.45 35.8250000003964
0.7000000000000001 0.47500000000000003 35.78750000041085
0.7000000000000001 0.5 35.7500000004253
0.7000000000000001 0.525 35.712500000439746
0.7000000000000001 0.55 35.6750000004542
0.7000000000000001 0.5750000000000001 35.63750000046865
0.7000000000000001 0.6000000000000001 35.6000000004831
0.7000000000000001 0.625 35.56250000049754
0.7000000000000001 0.65 35.525000000512
0.7000000000000001 0.675 35.487500000526445
0.7000000000000001 0.7000000000000001 35.450000000540896
0.7000000000000001 0.7250000000000001 35.41250000055534
0.7000000000000001 0.75 35.37500000056979
0.7000000000000001 0.775 35.33750000058425
0.7000000000000001 0.8 35.30000000059869
0.7000000000000001 0.8250000000000001 35.26250000061315
0.7000000000000001 0.8500000000000001 35.22500000062759
0.7000000000000001 0.875 35.187500000642046
0.7000000000000001 0.9 35.1500000006565
0.7000000000000001 0.925 35.11250000067095
0.7000000000000001 0.9500000000000001 35.07500000068539
0.7000000000000001 0.9750000000000001 35.03750000069985
0.7000000000000001 1.0 35.000000000714294
0.7250000000000001 0.0 36.375000000124956
0.7250000000000001 0.025 36.3406250001382
0.7250000000000001 0.05 36.30625000015145
0.7250000000000001 0.07500000000000001 36.2718750001647
0.7250000000000001 0.1 36.23750000017794
0.7250000000000001 0.125 36.203125000191186
0.7250000000000001 0.15000000000000002 36.168750000204426
0.7250000000000001 0.17500000000000002 36.13437500021767
0.7250000000000001 0.2 36.10000000023092
0.7250000000000001 0.225 36.06562500024417
0.7250000000000001 0.25 36.03125000025741
0.7250000000000001 0.275 35.996875000270656
0.7250000000000001 0.30000000000000004 35.9625000002839
0.7250000000000001 0.325 35.92812500029715
0.7250000000000001 0.35000000000000003 35.89375000031039
0.7250000000000001 0.375 35.85937500032364
0.7250000000000001 0.4 35.825000000336885
0.7250000000000001 0.42500000000000004 35.790625000350126
0.7250000000000001 0.45 35.75625000036337
0.7250000000000001 0.47500000000000003 35.72187500037661
0.7250000000000001 0.5 35.68750000038986
0.7250000000000001 0.525 35.65312500040311
0.7250000000000001 0.55 35.618750000416355
0.7250000000000001 0.5750000000000001 35.5843750004296
0.7250000000000001 0.6000000000000001 35.55000000044284
0.7250000000000001 0.625 35.51562500045609
0.7250000000000001 0.65 35.48125000046933
0.7250000000000001 0.675 35.446875000482585
0.7250000000000001 0.7000000000000001 35.412500000495825
0.7250000000000001 0.7250000000000001 35.37812500050907
0.7250000000000001 0.75 35.34375000052232
0.7250000000000001 0.775 35.30937500053557
0.7250000000000001 0.8 35.27500000054881
0.7250000000000001 0.8250000000000001 35.240625000562055
0.7250000000000001 0.8500000000000001 35.206250000575295
0.7250000000000001 0.875 35.17187500058855
0.7250000000000001 0.9 35.13750000060179
0.7250000000000001 0.925 35.10312500061504
0.7250000000000001 0.9500000000000001 35.06875000062828
0.7250000000000001 0.9750000000000001 35.034375000641525
0.7250000000000001 1.0 35.000000000654765
0.75 0.0 36.25000000011361
0.75 0.025 36.218750000125645
0.75 0.05 36.187500000137696
0.75 0.07500000000000001 36.15625000014974
0.75 0.1 36.12500000016177
0.75 0.125 36.09375000017381
0.75 0.15000000000000002 36.06250000018586
0.75 0.17500000000000002 36.03125000019789
0.75 0.2 36.000000000209944
0.75 0.225 35.96875000022198
0.75 0.25 35.93750000023402
0.75 0.275 35.90625000024606
0.75 0.30000000000000004 35.8750000002581
0.75 0.325 35.84375000027015
0.75 0.35000000000000003 35.812500000282185
0.75 0.375 35.78125000029423
0.75 0.4 35.750000000306265
0.75 0.42500000000000004 35.71875000031831
0.75 0.45 35.68750000033035
0.75 0.47500000000000003 35.65625000034239
0.75 0.5 35.625000000354426
0.75 0.525 35.59375000036647
0.75 0.55 35.56250000037851
0.75 0.5750000000000001 35.53125000039055
0.75 0.6000000000000001 35.50000000040259
0.75 0.625 35.46875000041463
0.75 0.65 35.437500000426674
0.75 0.675 35.40625000043872
0.75 0.7000000000000001 35.375000000450754
0.75 0.7250000000000001 35.3437500004628
0.75 0.75 35.31250000047484
0.75 0.775 35.28125000048688
0.75 0.8 35.25000000049892
0.75 0.8250000000000001 35.21875000051096
0.75 0.8500000000000001 35.187500000523
0.75 0.875 35.156250000535046
0.75 0.9 35.12500000054709
0.75 0.925 35.093750000559126
0.75 0.9500000000000001 35.06250000057116
0.75 0.9750000000000001 35.0312500005832
0.75 1.0 35.00000000059525
0.775 0.0 36.12500000010226
0.775 0.025 36.0968750001131
0.775 0.05 36.068750000123934
0.775 0.07500000000000001 36.04062500013477
0.775 0.1 36.01250000014561
0.775 0.125 35.98437500015644
0.775 0.15000000000000002 35.95625000016728
0.775 0.17500000000000002 35.92812500017812
0.775 0.2 35.90000000018896
0.775 0.225 35.87187500019979
0.775 0.25 35.84375000021063
0.775 0.275 35.815625000221466
0.775 0.30000000000000004 35.7875000002323
0.775 0.325 35.75937500024314
0.775 0.35000000000000003 35.73125000025397
0.775 0.375 35.70312500026481
0.775 0.4 35.675000000275645
0.775 0.42500000000000004 35.646875000286485
0.775 0.45 35.618750000297325
0.775 0.47500000000000003 35.59062500030815
0.775 0.5 35.562500000319
0.775 0.525 35.53437500032983
0.775 0.55 35.506250000340664
0.775 0.5750000000000001 35.4781250003515
0.775 0.6000000000000001 35.45000000036234
0.775 0.625 35.42187500037318
0.775 0.65 35.39375000038401
0.775 0.675 35.36562500039484
0.775 0.7000000000000001 35.33750000040568
0.775 0.7250000000000001 35.30937500041652
0.775 0.75 35.28125000042736
0.775 0.775 35.253125000438196
0.775 0.8 35.22500000044903
0.775 0.8250000000000001 35.19687500045986
0.775 0.8500000000000001 35.1687500004707
0.775 0.875 35.140625000481535
0.775 0.9 35.112500000492375
0.775 0.925 35.084375000503215
0.775 0.9500000000000001 35.05625000051405
0.775 0.9750000000000001 35.02812500052489
0.775 1.0 35.00000000053572
0.8 0.0 36.000000000090914
0.8 0.025 35.97500000010055
0.8 0.05 35.95000000011018
0.8 0.07500000000000001 35.92500000011982
0.8 0.1 35.900000000129445
0.8 0.125 35.875000000139075
0.8 0.15000000000000002 35.850000000148704
0.8 0.17500000000000002 35.82500000015834
0.8 0.2 35.80000000016798
0.8 0.225 35.775000000177606
0.8 0.25 35.75000000018724
0.8 0.275 35.725000000196864
0.8 0.30000000000000004 35.7000000002065
0.8 0.325 35.67500000021613
0.8 0.35000000000000003 35.65000000022576
0.8 0.375 35.6250000002354
0.8 0.4 35.60000000024503
0.8 0.42500000000000004 35.57500000025466
0.8 0.45 35.55000000026429
0.8 0.47500000000000003 35.52500000027392
0.8 0.5 35.500000000283556
0.8 0.525 35.475000000293186
0.8 0.55 35.45000000030282
0.8 0.5750000000000001 35.42500000031246
0.8 0.6000000000000001 35.40000000032208
0.8 0.625 35.37500000033172
0.8 0.65 35.350000000341346
0.8 0.675 35.32500000035098
0.8 0.7000000000000001 35.30000000036061
0.8 0.7250000000000001 35.27500000037025
0.8 0.75 35.250000000379885
0.8 0.775 35.22500000038951
0.8 0.8 35.20000000039914
0.8 0.8250000000000001 35.17500000040877
0.8 0.8500000000000001 35.15000000041841
0.8 0.875 35.12500000042804
0.8 0.9 35.100000000437674
0.8 0.925 35.075000000447304
0.8 0.9500000000000001 35.05000000045693
0.8 0.9750000000000001 35.02500000046657
0.8 1.0 35.0000000004762
0.8250000000000001 0.0 35.875000000079574
0.8250000000000001 0.025 35.853125000088
0.8250000000000001 0.05 35.831250000096425
0.8250000000000001 0.07500000000000001 35.80937500010486
0.8250000000000001 0.1 35.787500000113276
0.8250000000000001 0.125 35.7656250001217
0.8250000000000001 0.15000000000000002 35.743750000130134
0.8250000000000001 0.17500000000000002 35.72187500013856
0.8250000000000001 0.2 35.70000000014699
0.8250000000000001 0.225 35.678125000155426
0.8250000000000001 0.25 35.656250000163844
0.8250000000000001 0.275 35.63437500017227
0.8250000000000001 0.30000000000000004 35.612500000180695
0.8250000000000001 0.325 35.590625000189135
0.8250000000000001 0.35000000000000003 35.56875000019756
0.8250000000000001 0.375 35.54687500020598
0.8250000000000001 0.4 35.52500000021441
0.8250000000000001 0.42500000000000004 35.50312500022284
0.8250000000000001 0.45 35.48125000023127
0.8250000000000001 0.47500000000000003 35.459375000239696
0.8250000000000001 0.5 35.43750000024812
0.8250000000000001 0.525 35.415625000256554
0.8250000000000001 0.55 35.39375000026498
0.8250000000000001 0.5750000000000001 35.371875000273405
0.8250000000000001 0.6000000000000001 35.35000000028183
0.8250000000000001 0.625 35.32812500029026
0.8250000000000001 0.65 35.30625000029869
0.8250000000000001 0.675 35.284375000307115
0.8250000000000001 0.7000000000000001 35.26250000031555
0.8250000000000001 0.7250000000000001 35.240625000323966
0.8250000000000001 0.75 35.21875000033239
0.8250000000000001 0.775 35.196875000340825
0.8250000000000001 0.8 35.17500000034926
0.8250000000000001 0.8250000000000001 35.15312500035768
0.8250000000000001 0.8500000000000001 35.13125000036611
0.8250000000000001 0.875 35.109375000374534
0.8250000000000001 0.9 35.08750000038296
0.8250000000000001 0.925 35.06562500039139
0.8250000000000001 0.9500000000000001 35.043750000399825
0.8250000000000001 0.9750000000000001 35.02187500040825
0.8250000000000001 1.0 35.00000000041668
0.8500000000000001 0.0 35.750000000068226
0.8500000000000001 0.025 35.73125000007544
0.8500000000000001 0.05 35.71250000008266
0.8500000000000001 0.07500000000000001 35.69375000008989
0.8500000000000001 0.1 35.67500000009712
0.8500000000000001 0.125 35.65625000010434
0.8500000000000001 0.15000000000000002 35.63750000011156
0.8500000000000001 0.17500000000000002 35.61875000011879
0.8500000000000001 0.2 35.600000000126016
0.8500000000000001 0.225 35.581250000133224
0.8500000000000001 0.25 35.56250000014046
0.8500000000000001 0.275 35.543750000147675
0.8500000000000001 0.30000000000000004 35.525000000154904
0.8500000000000001 0.325 35.506250000162126
0.8500000000000001 0.35000000000000003 35.48750000016934
0.8500000000000001 0.375 35.46875000017657
0.8500000000000001 0.4 35.45000000018379
0.8500000000000001 0.42500000000000004 35.431250000191014
0.8500000000000001 0.45 35.41250000019824
0.8500000000000001 0.47500000000000003 35.39375000020546
0.8500000000000001 0.5 35.375000000212694
0.8500000000000001 0.525 35.35625000021991
0.8500000000000001 0.55 35.33750000022713
0.8500000000000001 0.5750000000000001 35.31875000023436
0.8500000000000001 0.6000000000000001 35.30000000024158
0.8500000000000001 0.625 35.281250000248804
0.8500000000000001 0.65 35.262500000256026
0.8500000000000001 0.675 35.24375000026325
0.8500000000000001 0.7000000000000001 35.22500000027047
0.8500000000000001 0.7250000000000001 35.2062500002777
0.8500000000000001 0.75 35.18750000028492
0.8500000000000001 0.775 35.168750000292135
0.8500000000000001 0.8 35.15000000029937
0.8500000000000001 0.8250000000000001 35.13125000030659
0.8500000000000001 0.8500000000000001 35.11250000031381
0.8500000000000001 0.875 35.09375000032104
0.8500000000000001 0.9 35.07500000032826
0.8500000000000001 0.925 35.05625000033548
0.8500000000000001 0.9500000000000001 35.0375000003427
0.8500000000000001 0.9750000000000001 35.018750000349925
0.8500000000000001 1.0 35.000000000357154
0.875 0.0 35.62500000005688
0.875 0.025 35.60937500006289
0.875 0.05 35.59375000006891
0.875 0.07500000000000001 35.578125000074934
0.875 0.1 35.56250000008095
0.875 0.125 35.54687500008697
0.875 0.15000000000000002 35.53125000009299
0.875 0.17500000000000002 35.51562500009901
0.875 0.2 35.500000000105025
0.875 0.225 35.484375000111044
0.875 0.25 35.46875000011707
0.875 0.275 35.45312500012309
0.875 0.30000000000000004 35.437500000129106
0.875 0.325 35.421875000135124
0.875 0.35000000000000003 35.40625000014113
0.875 0.375 35.39062500014715
0.875 0.4 35.37500000015318
0.875 0.42500000000000004 35.3593750001592
0.875 0.45 35.343750000165215
0.875 0.47500000000000003 35.32812500017123
0.875 0.5 35.31250000017725
0.875 0.525 35.29687500018327
0.875 0.55 35.28125000018929
0.875 0.5750000000000001 35.26562500019531
0.875 0.6000000000000001 35.250000000201325
0.875 0.625 35.23437500020734
0.875 0.65 35.21875000021336
0.875 0.675 35.20312500021938
0.875 0.7000000000000001 35.1875000002254
0.875 0.7250000000000001 35.171875000231424
0.875 0.75 35.15625000023744
0.875 0.775 35.14062500024345
0.875 0.8 35.12500000024948
0.875 0.8250000000000001 35.1093750002555
0.875 0.8500000000000001 35.09375000026152
0.875 0.875 35.07812500026753
0.875 0.9 35.062500000273545
0.875 0.925 35.04687500027957
0.875 0.9500000000000001 35.03125000028559
0.875 0.9750000000000001 35.01562500029161
0.875 1.0 35.000000000297625
0.9 0.0 35.50000000004553
0.9 0.025 35.48750000005034
0.9 0.05 35.47500000005516
0.9 0.07500000000000001 35.462500000059975
0.9 0.1 35.45000000006479
0.9 0.125 35.4375000000696
0.9 0.15000000000000002 35.42500000007442
0.9 0.17500000000000002 35.41250000007922
0.9 0.2 35.40000000008404
0.9 0.225 35.387500000088856
0.9 0.25 35.37500000009367
0.9 0.275 35.362500000098485
0.9 0.30000000000000004 35.3500000001033
0.9 0.325 35.33750000010812
0.9 0.35000000000000003 35.32500000011293
0.9 0.375 35.312500000117744
0.9 0.4 35.30000000012256
0.9 0.42500000000000004 35.28750000012737
0.9 0.45 35.275000000132195
0.9 0.47500000000000003 35.262500000137
0.9 0.5 35.25000000014181
0.9 0.525 35.237500000146625
0.9 0.55 35.22500000015144
0.9 0.5750000000000001 35.21250000015626
0.9 0.6000000000000001 35.200000000161076
0.9 0.625 35.18750000016588
0.9 0.65 35.175000000170705
0.9 0.675 35.16250000017552
0.9 0.7000000000000001 35.150000000180334
0.9 0.7250000000000001 35.13750000018514
0.9 0.75 35.125000000189964
0.9 0.775 35.11250000019478
0.9 0.8 35.10000000019959
0.9 0.8250000000000001 35.08750000020441
0.9 0.8500000000000001 35.075000000209215
0.9 0.875 35.06250000021402
0.9 0.9 35.050000000218844
0.9 0.925 35.03750000022366
0.9 0.9500000000000001 35.025000000228474
0.9 0.9750000000000001 35.01250000023329
0.9 1.0 35.0000000002381
0.925 0.0 35.375000000034184
0.925 0.025 35.365625000037795
0.925 0.05 35.3562500000414
0.925 0.07500000000000001 35.34687500004501
0.925 0.1 35.33750000004863
0.925 0.125 35.32812500005223
0.925 0.15000000000000002 35.31875000005584
0.925 0.17500000000000002 35.309375000059454
0.925 0.2 35.300000000063065
0.925 0.225 35.29062500006667
0.925 0.25 35.28125000007029
0.925 0.275 35.27187500007389
0.925 0.30000000000000004 35.262500000077495
0.925 0.325 35.25312500008112
0.925 0.35000000000000003 35.243750000084724
0.925 0.375 35.23437500008833
0.925 0.4 35.22500000009194
0.925 0.42500000000000004 35.21562500009556
0.925 0.45 35.20625000009916
0.925 0.47500000000000003 35.19687500010277
0.925 0.5 35.18750000010638
0.925 0.525 35.178125000109986
0.925 0.55 35.1687500001136
0.925 0.5750000000000001 35.159375000117215
0.925 0.6000000000000001 35.150000000120826
0.925 0.625 35.14062500012443
0.925 0.65 35.13125000012804
0.925 0.675 35.12187500013165
0.925 0.7000000000000001 35.11250000013526
0.925 0.7250000000000001 35.10312500013887
0.925 0.75 35.093750000142485
0.925 0.775 35.08437500014609
0.925 0.8 35.0750000001497
0.925 0.8250000000000001 35.06562500015331
0.925 0.8500000000000001 35.05625000015692
0.925 0.875 35.046875000160526
0.925 0.9 35.03750000016414
0.925 0.925 35.02812500016775
0.925 0.9500000000000001 35.01875000017136
0.925 0.9750000000000001 35.00937500017497
0.925 1.0 35.00000000017858
0.9500000000000001 0.0 35.25000000002284
0.9500000000000001 0.025 35.24375000002524
0.9500000000000001 0.05 35.237500000027644
0.9500000000000001 0.07500000000000001 35.23125000003005
0.9500000000000001 0.1 35.22500000003246
0.9500000000000001 0.125 35.21875000003486
0.9500000000000001 0.15000000000000002 35.21250000003727
0.9500000000000001 0.17500000000000002 35.206250000039674
0.9500000000000001 0.2 35.20000000004208
0.9500000000000001 0.225 35.19375000004449
0.9500000000000001 0.25 35.18750000004689
0.9500000000000001 0.275 35.18125000004929
0.9500000000000001 0.30000000000000004 35.175000000051696
0.9500000000000001 0.325 35.16875000005411
0.9500000000000001 0.35000000000000003 35.16250000005651
0.9500000000000001 0.375 35.15625000005892
0.9500000000000001 0.4 35.150000000061326
0.9500000000000001 0.42500000000000004 35.14375000006373
0.9500000000000001 0.45 35.13750000006613
0.9500000000000001 0.47500000000000003 35.13125000006854
0.9500000000000001 0.5 35.12500000007095
0.9500000000000001 0.525 35.118750000073355
0.9500000000000001 0.55 35.112500000075755
0.9500000000000001 0.5750000000000001 35.10625000007816
0.9500000000000001 0.6000000000000001 35.10000000008057
0.9500000000000001 0.625 35.09375000008297
0.9500000000000001 0.65 35.08750000008538
0.9500000000000001 0.675 35.081250000087785
0.9500000000000001 0.7000000000000001 35.07500000009019
0.9500000000000001 0.7250000000000001 35.06875000009259
0.9500000000000001 0.75 35.062500000095
0.9500000000000001 0.775 35.05625000009741
0.9500000000000001 0.8 35.050000000099814
0.9500000000000001 0.8250000000000001 35.04375000010222
0.9500000000000001 0.8500000000000001 35.037500000104615
0.9500000000000001 0.875 35.03125000010703
0.9500000000000001 0.9 35.02500000010943
0.9500000000000001 0.925 35.018750000111844
0.9500000000000001 0.9500000000000001 35.01250000011424
0.9500000000000001 0.9750000000000001 35.006250000116644
0.9500000000000001 1.0 35.00000000011905
0.9750000000000001 0.0 35.12500000001149
0.9750000000000001 0.025 35.121875000012686
0.9750000000000001 0.05 35.11875000001388
0.9750000000000001 0.07500000000000001 35.11562500001509
0.9750000000000001 0.1 35.11250000001629
0.9750000000000001 0.125 35.109375000017494
0.9750000000000001 0.15000000000000002 35.1062500000187
0.9750000000000001 0.17500000000000002 35.1031250000199
0.9750000000000001 0.2 35.1000000000211
0.9750000000000001 0.225 35.0968750000223
0.9750000000000001 0.25 35.0937500000235
0.9750000000000001 0.275 35.090625000024694
0.9750000000000001 0.30000000000000004 35.087500000025905
0.9750000000000001 0.325 35.0843750000271
0.9750000000000001 0.35000000000000003 35.0812500000283
0.9750000000000001 0.375 35.078125000029495
0.9750000000000001 0.4 35.07500000003071
0.9750000000000001 0.42500000000000004 35.07187500003191
0.9750000000000001 0.45 35.068750000033106
0.9750000000000001 0.47500000000000003 35.0656250000343
0.9750000000000001 0.5 35.062500000035506
0.9750000000000001 0.525 35.05937500003672
0.9750000000000001 0.55 35.05625000003791
0.9750000000000001 0.5750000000000001 35.05312500003912
0.9750000000000001 0.6000000000000001 35.05000000004031
0.9750000000000001 0.625 35.04687500004152
0.9750000000000001 0.65 35.043750000042714
0.9750000000000001 0.675 35.04062500004392
0.9750000000000001 0.7000000000000001 35.03750000004512
0.9750000000000001 0.7250000000000001 35.03437500004632
0.9750000000000001 0.75 35.03125000004752
0.9750000000000001 0.775 35.028125000048725
0.9750000000000001 0.8 35.02500000004992
0.9750000000000001 0.8250000000000001 35.021875000051125
0.9750000000000001 0.8500000000000001 35.01875000005233
0.9750000000000001 0.875 35.01562500005353
0.9750000000000001 0.9 35.01250000005473
0.9750000000000001 0.925 35.009375000055925
0.9750000000000001 0.9500000000000001 35.00625000005712
0.9750000000000001 0.9750000000000001 35.00312500005833
0.9750000000000001 1.0 35.00000000005953
1.0 0.0 35.00000000000014
1.0 0.025 35.000000000000135
1.0 0.05 35.000000000000135
1.0 0.07500000000000001 35.000000000000135
1.0 0.1 35.00000000000013
1.0 0.125 35.00000000000013
1.0 0.15000000000000002 35.00000000000012
1.0 0.17500000000000002 35.00000000000012
1.0 0.2 35.000000000000114
1.0 0.225 35.000000000000114
1.0 0.25 35.00000000000011
1.0 0.275 35.00000000000011
1.0 0.30000000000000004 35.0000000000001
1.0 0.325 35.0000000000001
1.0 0.35000000000000003 35.00000000000009
1.0 0.375 35.00000000000009
1.0 0.4 35.000000000000085
1.0 0.42500000000000004 35.000000000000085
1.0 0.45 35.000000000000085
1.0 0.47500000000000003 35.00000000000007
1.0 0.5 35.00000000000007
1.0 0.525 35.00000000000007
1.0 0.55 35.00000000000007
1.0 0.5750000000000001 35.000000000000064
1.0 0.6000000000000001 35.00000000000006
1.0 0.625 35.00000000000006
1.0 0.65 35.00000000000006
1.0 0.675 35.00000000000005
1.0 0.7000000000000001 35.00000000000005
1.0 0.7250000000000001 35.00000000000004
1.0 0.75 35.00000000000004
1.0 0.775 35.000000000000036
1.0 0.8 35.000000000000036
1.0 0.8250000000000001 35.00000000000003
1.0 0.8500000000000001 35.00000000000003
1.0 0.875 35.00000000000003
1.0 0.9 35.00000000000002
1.0 0.925 35.000000000000014
1.0 0.9500000000000001 35.000000000000014
1.0 0.9750000000000001 35.00000000000001
1.0 1.0 35.00000000000001