0.0 0.0 40.000000000454015
0.0 0.025 40.00000000048535
0.0 0.05 40.000000000516685
0.0 0.07500000000000001 40.00000000054803
0.0 0.1 40.00000000057936
0.0 0.125 40.0000000006107
0.0 0.15000000000000002 40.00000000064203
0.0 0.17500000000000002 40.00000000067337
0.0 0.2 40.00000000070471
0.0 0.225 40.000000000736044
0.0 0.25 40.00000000076738
0.0 0.275 40.000000000798714
0.0 0.30000000000000004 40.00000000083005
0.0 0.325 40.00000000086139
0.0 0.35000000000000003 40.000000000892726
0.0 0.375 40.00000000092406
0.0 0.4 40.000000000955396
0.0 0.42500000000000004 40.00000000098673
0.0 0.45 40.00000000101807
0.0 0.47500000000000003 40.0000000010494
0.0 0.5 40.00000000108074
0.0 0.525 40.000000001112085
0.0 0.55 40.00000000114342
0.0 0.5750000000000001 40.000000001174755
0.0 0.6000000000000001 40.00000000120609
0.0 0.625 40.000000001237424
0.0 0.65 40.00000000126876
0.0 0.675 40.000000001300094
0.0 0.7000000000000001 40.000000001331436
0.0 0.7250000000000001 40.00000000136277
0.0 0.75 40.000000001394106
0.0 0.775 40.00000000142544
0.0 0.8 40.000000001456776
0.0 0.8250000000000001 40.00000000148812
0.0 0.8500000000000001 40.00000000151945
0.0 0.875 40.00000000155079
0.0 0.9 40.00000000158213
0.0 0.925 40.00000000161346
0.0 0.9500000000000001 40.00000000164479
0.0 0.9750000000000001 40.000000001676135
0.0 1.0 40.00000000170747
0.025 0.0 40.000000000442796
0.025 0.025 40.00000000047334
0.025 0.05 40.00000000050388
0.025 0.07500000000000001 40.00000000053444
0.025 0.1 40.00000000056498
0.025 0.125 40.00000000059553
0.025 0.15000000000000002 40.00000000062609
0.025 0.17500000000000002 40.00000000065663
0.025 0.2 40.00000000068717
0.025 0.225 40.00000000071772
0.025 0.25 40.000000000748265
0.025 0.275 40.00000000077881
0.025 0.30000000000000004 40.000000000809365
0.025 0.325 40.00000000083991
0.025 0.35000000000000003 40.00000000087045
0.025 0.375 40.000000000901
0.025 0.4 40.00000000093154
0.025 0.42500000000000004 40.0000000009621
0.025 0.45 40.00000000099264
0.025 0.47500000000000003 40.00000000102318
0.025 0.5 40.000000001053735
0.025 0.525 40.000000001084274
0.025 0.55 40.00000000111483
0.025 0.5750000000000001 40.00000000114538
0.025 0.6000000000000001 40.00000000117592
0.025 0.625 40.00000000120647
0.025 0.65 40.00000000123703
0.025 0.675 40.000000001267566
0.025 0.7000000000000001 40.000000001298105
0.025 0.7250000000000001 40.00000000132866
0.025 0.75 40.000000001359204
0.025 0.775 40.00000000138975
0.025 0.8 40.0000000014203
0.025 0.8250000000000001 40.00000000145085
0.025 0.8500000000000001 40.000000001481396
0.025 0.875 40.00000000151194
0.025 0.9 40.00000000154248
0.025 0.925 40.000000001573035
0.025 0.9500000000000001 40.00000000160358
0.025 0.9750000000000001 40.00000000163413
0.025 1.0 40.000000001664674
0.05 0.0 40.000000000431584
0.05 0.025 40.000000000461334
0.05 0.05 40.0000000004911
0.05 0.07500000000000001 40.00000000052086
0.05 0.1 40.00000000055061
0.05 0.125 40.000000000580364
0.05 0.15000000000000002 40.00000000061013
0.05 0.17500000000000002 40.000000000639886
0.05 0.2 40.000000000669644
0.05 0.225 40.0000000006994
0.05 0.25 40.00000000072915
0.05 0.275 40.00000000075892
0.05 0.30000000000000004 40.000000000788674
0.05 0.325 40.000000000818424
0.05 0.35000000000000003 40.00000000084819
0.05 0.375 40.00000000087795
0.05 0.4 40.000000000907704
0.05 0.42500000000000004 40.00000000093746
0.05 0.45 40.00000000096721
0.05 0.47500000000000003 40.00000000099698
0.05 0.5 40.000000001026734
0.05 0.525 40.00000000105649
0.05 0.55 40.00000000108625
0.05 0.5750000000000001 40.00000000111601
0.05 0.6000000000000001 40.000000001145764
0.05 0.625 40.00000000117552
0.05 0.65 40.00000000120527
0.05 0.675 40.00000000123503
0.05 0.7000000000000001 40.000000001264794
0.05 0.7250000000000001 40.00000000129455
0.05 0.75 40.00000000132431
0.05 0.775 40.00000000135407
0.05 0.8 40.000000001383825
0.05 0.8250000000000001 40.000000001413575
0.05 0.8500000000000001 40.00000000144334
0.05 0.875 40.00000000147309
0.05 0.9 40.00000000150285
0.05 0.925 40.000000001532605
0.05 0.9500000000000001 40.00000000156236
0.05 0.9750000000000001 40.00000000159212
0.05 1.0 40.00000000162188
0.07500000000000001 0.0 40.000000000420364
0.07500000000000001 0.025 40.000000000449326
0.07500000000000001 0.05 40.0000000004783
0.07500000000000001 0.07500000000000001 40.00000000050727
0.07500000000000001 0.1 40.00000000053624
0.07500000000000001 0.125 40.0000000005652
0.07500000000000001 0.15000000000000002 40.00000000059418
0.07500000000000001 0.17500000000000002 40.00000000062314
0.07500000000000001 0.2 40.000000000652115
0.07500000000000001 0.225 40.000000000681084
0.07500000000000001 0.25 40.00000000071005
0.07500000000000001 0.275 40.000000000739014
0.07500000000000001 0.30000000000000004 40.00000000076798
0.07500000000000001 0.325 40.00000000079696
0.07500000000000001 0.35000000000000003 40.00000000082592
0.07500000000000001 0.375 40.00000000085489
0.07500000000000001 0.4 40.00000000088386
0.07500000000000001 0.42500000000000004 40.00000000091283
0.07500000000000001 0.45 40.000000000941796
0.07500000000000001 0.47500000000000003 40.00000000097076
0.07500000000000001 0.5 40.00000000099973
0.07500000000000001 0.525 40.000000001028695
0.07500000000000001 0.55 40.00000000105766
0.07500000000000001 0.5750000000000001 40.00000000108663
0.07500000000000001 0.6000000000000001 40.00000000111561
0.07500000000000001 0.625 40.00000000114457
0.07500000000000001 0.65 40.00000000117354
0.07500000000000001 0.675 40.00000000120251
0.07500000000000001 0.7000000000000001 40.00000000123147
0.07500000000000001 0.7250000000000001 40.000000001260446
0.07500000000000001 0.75 40.00000000128941
0.07500000000000001 0.775 40.00000000131838
0.07500000000000001 0.8 40.000000001347345
0.07500000000000001 0.8250000000000001 40.000000001376314
0.07500000000000001 0.8500000000000001 40.00000000140528
0.07500000000000001 0.875 40.00000000143425
0.07500000000000001 0.9 40.00000000146321
0.07500000000000001 0.925 40.00000000149218
0.07500000000000001 0.9500000000000001 40.00000000152116
0.07500000000000001 0.9750000000000001 40.00000000155012
0.07500000000000001 1.0 40.00000000157909
0.1 0.0 40.000000000409145
0.1 0.025 40.000000000437325
0.1 0.05 40.000000000465505
0.1 0.07500000000000001 40.000000000493685
0.1 0.1 40.000000000521865
0.1 0.125 40.00000000055004
0.1 0.15000000000000002 40.000000000578225
0.1 0.17500000000000002 40.0000000006064
0.1 0.2 40.000000000634586
0.1 0.225 40.00000000066276
0.1 0.25 40.00000000069094
0.1 0.275 40.00000000071911
0.1 0.30000000000000004 40.00000000074729
0.1 0.325 40.00000000077547
0.1 0.35000000000000003 40.000000000803645
0.1 0.375 40.00000000083183
0.1 0.4 40.00000000086001
0.1 0.42500000000000004 40.000000000888186
0.1 0.45 40.00000000091637
0.1 0.47500000000000003 40.00000000094454
0.1 0.5 40.00000000097272
0.1 0.525 40.0000000010009
0.1 0.55 40.00000000102908
0.1 0.5750000000000001 40.00000000105726
0.1 0.6000000000000001 40.00000000108544
0.1 0.625 40.00000000111361
0.1 0.65 40.0000000011418
0.1 0.675 40.00000000116997
0.1 0.7000000000000001 40.00000000119816
0.1 0.7250000000000001 40.00000000122633
0.1 0.75 40.000000001254506
0.1 0.775 40.000000001282686
0.1 0.8 40.000000001310866
0.1 0.8250000000000001 40.000000001339046
0.1 0.8500000000000001 40.000000001367226
0.1 0.875 40.0000000013954
0.1 0.9 40.00000000142359
0.1 0.925 40.00000000145175
0.1 0.9500000000000001 40.00000000147994
0.1 0.9750000000000001 40.00000000150812
0.1 1.0 40.0000000015363
0.125 0.0 40.00000000039793
0.125 0.025 40.000000000425324
0.125 0.05 40.0000000004527
0.125 0.07500000000000001 40.0000000004801
0.125 0.1 40.00000000050749
0.125 0.125 40.000000000534875
0.125 0.15000000000000002 40.00000000056227
0.125 0.17500000000000002 40.00000000058966
0.125 0.2 40.00000000061705
0.125 0.225 40.000000000644434
0.125 0.25 40.000000000671825
0.125 0.275 40.00000000069922
0.125 0.30000000000000004 40.0000000007266
0.125 0.325 40.00000000075399
0.125 0.35000000000000003 40.00000000078137
0.125 0.375 40.00000000080877
0.125 0.4 40.00000000083617
0.125 0.42500000000000004 40.00000000086355
0.125 0.45 40.00000000089094
0.125 0.47500000000000003 40.00000000091833
0.125 0.5 40.00000000094572
0.125 0.525 40.0000000009731
0.125 0.55 40.000000001000494
0.125 0.5750000000000001 40.000000001027885
0.125 0.6000000000000001 40.00000000105528
0.125 0.625 40.00000000108267
0.125 0.65 40.00000000111005
0.125 0.675 40.00000000113744
0.125 0.7000000000000001 40.000000001164835
0.125 0.7250000000000001 40.00000000119222
0.125 0.75 40.000000001219604
0.125 0.775 40.000000001246995
0.125 0.8 40.00000000127439
0.125 0.8250000000000001 40.00000000130178
0.125 0.8500000000000001 40.00000000132917
0.125 0.875 40.000000001356554
0.125 0.9 40.000000001383945
0.125 0.925 40.00000000141134
0.125 0.9500000000000001 40.00000000143872
0.125 0.9750000000000001 40.00000000146612
0.125 1.0 40.000000001493504
0.15000000000000002 0.0 40.00000000038671
0.15000000000000002 0.025 40.000000000413316
0.15000000000000002 0.05 40.00000000043992
0.15000000000000002 0.07500000000000001 40.000000000466514
0.15000000000000002 0.1 40.00000000049312
0.15000000000000002 0.125 40.00000000051971
0.15000000000000002 0.15000000000000002 40.000000000546315
0.15000000000000002 0.17500000000000002 40.00000000057291
0.15000000000000002 0.2 40.00000000059951
0.15000000000000002 0.225 40.000000000626116
0.15000000000000002 0.25 40.00000000065271
0.15000000000000002 0.275 40.000000000679314
0.15000000000000002 0.30000000000000004 40.00000000070591
0.15000000000000002 0.325 40.00000000073251
0.15000000000000002 0.35000000000000003 40.00000000075911
0.15000000000000002 0.375 40.00000000078572
0.15000000000000002 0.4 40.000000000812314
0.15000000000000002 0.42500000000000004 40.00000000083891
0.15000000000000002 0.45 40.00000000086551
0.15000000000000002 0.47500000000000003 40.000000000892115
0.15000000000000002 0.5 40.00000000091871
0.15000000000000002 0.525 40.00000000094531
0.15000000000000002 0.55 40.00000000097191
0.15000000000000002 0.5750000000000001 40.00000000099851
0.15000000000000002 0.6000000000000001 40.000000001025114
0.15000000000000002 0.625 40.00000000105172
0.15000000000000002 0.65 40.00000000107831
0.15000000000000002 0.675 40.00000000110491
0.15000000000000002 0.7000000000000001 40.00000000113151
0.15000000000000002 0.7250000000000001 40.000000001158114
0.15000000000000002 0.75 40.00000000118471
0.15000000000000002 0.775 40.00000000121131
0.15000000000000002 0.8 40.000000001237915
0.15000000000000002 0.8250000000000001 40.00000000126451
0.15000000000000002 0.8500000000000001 40.000000001291106
0.15000000000000002 0.875 40.00000000131771
0.15000000000000002 0.9 40.000000001344304
0.15000000000000002 0.925 40.00000000137091
0.15000000000000002 0.9500000000000001 40.00000000139751
0.15000000000000002 0.9750000000000001 40.00000000142411
0.15000000000000002 1.0 40.00000000145071
0.17500000000000002 0.0 40.0000000003755
0.17500000000000002 0.025 40.00000000040131
0.17500000000000002 0.05 40.00000000042712
0.17500000000000002 0.07500000000000001 40.000000000452935
0.17500000000000002 0.1 40.00000000047874
0.17500000000000002 0.125 40.00000000050455
0.17500000000000002 0.15000000000000002 40.000000000530356
0.17500000000000002 0.17500000000000002 40.00000000055617
0.17500000000000002 0.2 40.000000000581984
0.17500000000000002 0.225 40.00000000060779
0.17500000000000002 0.25 40.0000000006336
0.17500000000000002 0.275 40.00000000065941
0.17500000000000002 0.30000000000000004 40.000000000685226
0.17500000000000002 0.325 40.00000000071104
0.17500000000000002 0.35000000000000003 40.00000000073685
0.17500000000000002 0.375 40.000000000762654
0.17500000000000002 0.4 40.00000000078846
0.17500000000000002 0.42500000000000004 40.000000000814275
0.17500000000000002 0.45 40.00000000084009
0.17500000000000002 0.47500000000000003 40.000000000865896
0.17500000000000002 0.5 40.0000000008917
0.17500000000000002 0.525 40.00000000091751
0.17500000000000002 0.55 40.00000000094333
0.17500000000000002 0.5750000000000001 40.00000000096914
0.17500000000000002 0.6000000000000001 40.000000000994945
0.17500000000000002 0.625 40.000000001020766
0.17500000000000002 0.65 40.000000001046566
0.17500000000000002 0.675 40.00000000107238
0.17500000000000002 0.7000000000000001 40.000000001098186
0.17500000000000002 0.7250000000000001 40.00000000112399
0.17500000000000002 0.75 40.00000000114981
0.17500000000000002 0.775 40.00000000117562
0.17500000000000002 0.8 40.00000000120143
0.17500000000000002 0.8250000000000001 40.00000000122724
0.17500000000000002 0.8500000000000001 40.00000000125305
0.17500000000000002 0.875 40.00000000127886
0.17500000000000002 0.9 40.00000000130467
0.17500000000000002 0.925 40.00000000133048
0.17500000000000002 0.9500000000000001 40.00000000135629
0.17500000000000002 0.9750000000000001 40.000000001382105
0.17500000000000002 1.0 40.00000000140791
0.2 0.0 40.00000000036428
0.2 0.025 40.000000000389306
0.2 0.05 40.000000000414325
0.2 0.07500000000000001 40.00000000043936
0.2 0.1 40.00000000046437
0.2 0.125 40.00000000048939
0.2 0.15000000000000002 40.00000000051441
0.2 0.17500000000000002 40.00000000053943
0.2 0.2 40.000000000564455
0.2 0.225 40.00000000058948
0.2 0.25 40.00000000061449
0.2 0.275 40.00000000063951
0.2 0.30000000000000004 40.00000000066453
0.2 0.325 40.00000000068955
0.2 0.35000000000000003 40.00000000071457
0.2 0.375 40.0000000007396
0.2 0.4 40.000000000764615
0.2 0.42500000000000004 40.00000000078964
0.2 0.45 40.000000000814666
0.2 0.47500000000000003 40.00000000083968
0.2 0.5 40.0000000008647
0.2 0.525 40.00000000088973
0.2 0.55 40.000000000914746
0.2 0.5750000000000001 40.000000000939764
0.2 0.6000000000000001 40.00000000096479
0.2 0.625 40.00000000098981
0.2 0.65 40.000000001014826
0.2 0.675 40.00000000103985
0.2 0.7000000000000001 40.000000001064876
0.2 0.7250000000000001 40.000000001089894
0.2 0.75 40.00000000111491
0.2 0.775 40.00000000113994
0.2 0.8 40.000000001164956
0.2 0.8250000000000001 40.00000000118998
0.2 0.8500000000000001 40.000000001215
0.2 0.875 40.00000000124002
0.2 0.9 40.00000000126504
0.2 0.925 40.00000000129006
0.2 0.9500000000000001 40.00000000131509
0.2 0.9750000000000001 40.000000001340105
0.2 1.0 40.00000000136512
0.225 0.0 40.00000000035307
0.225 0.025 40.00000000037729
0.225 0.05 40.00000000040153
0.225 0.07500000000000001 40.000000000425764
0.225 0.1 40.00000000044999
0.225 0.125 40.00000000047422
0.225 0.15000000000000002 40.00000000049845
0.225 0.17500000000000002 40.00000000052269
0.225 0.2 40.000000000546926
0.225 0.225 40.000000000571156
0.225 0.25 40.000000000595385
0.225 0.275 40.000000000619615
0.225 0.30000000000000004 40.000000000643844
0.225 0.325 40.00000000066808
0.225 0.35000000000000003 40.00000000069231
0.225 0.375 40.00000000071654
0.225 0.4 40.00000000074077
0.225 0.42500000000000004 40.000000000765
0.225 0.45 40.000000000789235
0.225 0.47500000000000003 40.000000000813465
0.225 0.5 40.000000000837694
0.225 0.525 40.00000000086193
0.225 0.55 40.00000000088616
0.225 0.5750000000000001 40.00000000091039
0.225 0.6000000000000001 40.00000000093462
0.225 0.625 40.000000000958856
0.225 0.65 40.00000000098309
0.225 0.675 40.00000000100732
0.225 0.7000000000000001 40.00000000103155
0.225 0.7250000000000001 40.00000000105578
0.225 0.75 40.00000000108001
0.225 0.775 40.00000000110425
0.225 0.8 40.00000000112848
0.225 0.8250000000000001 40.000000001152706
0.225 0.8500000000000001 40.000000001176936
0.225 0.875 40.00000000120117
0.225 0.9 40.0000000012254
0.225 0.925 40.00000000124963
0.225 0.9500000000000001 40.00000000127386
0.225 0.9750000000000001 40.0000000012981
0.225 1.0 40.00000000132233
0.25 0.0 40.00000000034185
0.25 0.025 40.00000000036529
0.25 0.05 40.000000000388724
0.25 0.07500000000000001 40.00000000041218
0.25 0.1 40.00000000043562
0.25 0.125 40.00000000045906
0.25 0.15000000000000002 40.000000000482494
0.25 0.17500000000000002 40.000000000505935
0.25 0.2 40.00000000052939
0.25 0.225 40.00000000055283
0.25 0.25 40.00000000057627
0.25 0.275 40.000000000599705
0.25 0.30000000000000004 40.00000000062315
0.25 0.325 40.0000000006466
0.25 0.35000000000000003 40.000000000670035
0.25 0.375 40.000000000693475
0.25 0.4 40.00000000071692
0.25 0.42500000000000004 40.00000000074037
0.25 0.45 40.000000000763805
0.25 0.47500000000000003 40.000000000787246
0.25 0.5 40.000000000810694
0.25 0.525 40.00000000083413
0.25 0.55 40.000000000857575
0.25 0.5750000000000001 40.000000000881016
0.25 0.6000000000000001 40.000000000904464
0.25 0.625 40.0000000009279
0.25 0.65 40.000000000951346
0.25 0.675 40.000000000974794
0.25 0.7000000000000001 40.00000000099823
0.25 0.7250000000000001 40.000000001021675
0.25 0.75 40.00000000104511
0.25 0.775 40.00000000106856
0.25 0.8 40.000000001092005
0.25 0.8250000000000001 40.00000000111544
0.25 0.8500000000000001 40.000000001138886
0.25 0.875 40.00000000116232
0.25 0.9 40.00000000118577
0.25 0.925 40.00000000120921
0.25 0.9500000000000001 40.00000000123265
0.25 0.9750000000000001 40.0000000012561
0.25 1.0 40.00000000127954
0.275 0.0 40.00000000033063
0.275 0.025 40.00000000035328
0.275 0.05 40.00000000037594
0.275 0.07500000000000001 40.000000000398586
0.275 0.1 40.000000000421245
0.275 0.125 40.000000000443904
0.275 0.15000000000000002 40.00000000046655
0.275 0.17500000000000002 40.000000000489194
0.275 0.2 40.000000000511854
0.275 0.225 40.000000000534506
0.275 0.25 40.00000000055715
0.275 0.275 40.00000000057982
0.275 0.30000000000000004 40.00000000060247
0.275 0.325 40.000000000625114
0.275 0.35000000000000003 40.000000000647766
0.275 0.375 40.000000000670425
0.275 0.4 40.00000000069308
0.275 0.42500000000000004 40.00000000071572
0.275 0.45 40.00000000073838
0.275 0.47500000000000003 40.00000000076103
0.275 0.5 40.000000000783686
0.275 0.525 40.00000000080634
0.275 0.55 40.00000000082899
0.275 0.5750000000000001 40.00000000085164
0.275 0.6000000000000001 40.000000000874294
0.275 0.625 40.00000000089695
0.275 0.65 40.0000000009196
0.275 0.675 40.00000000094226
0.275 0.7000000000000001 40.00000000096491
0.275 0.7250000000000001 40.000000000987555
0.275 0.75 40.00000000101021
0.275 0.775 40.000000001032866
0.275 0.8 40.00000000105552
0.275 0.8250000000000001 40.00000000107818
0.275 0.8500000000000001 40.00000000110083
0.275 0.875 40.00000000112348
0.275 0.9 40.00000000114613
0.275 0.925 40.000000001168786
0.275 0.9500000000000001 40.00000000119144
0.275 0.9750000000000001 40.00000000121409
0.275 1.0 40.00000000123674
0.30000000000000004 0.0 40.00000000031941
0.30000000000000004 0.025 40.00000000034128
0.30000000000000004 0.05 40.000000000363144
0.30000000000000004 0.07500000000000001 40.00000000038501
0.30000000000000004 0.1 40.00000000040687
0.30000000000000004 0.125 40.000000000428734
0.30000000000000004 0.15000000000000002 40.0000000004506
0.30000000000000004 0.17500000000000002 40.000000000472454
0.30000000000000004 0.2 40.00000000049432
0.30000000000000004 0.225 40.00000000051618
0.30000000000000004 0.25 40.000000000538044
0.30000000000000004 0.275 40.00000000055991
0.30000000000000004 0.30000000000000004 40.00000000058177
0.30000000000000004 0.325 40.000000000603634
0.30000000000000004 0.35000000000000003 40.00000000062549
0.30000000000000004 0.375 40.00000000064736
0.30000000000000004 0.4 40.000000000669225
0.30000000000000004 0.42500000000000004 40.00000000069109
0.30000000000000004 0.45 40.00000000071296
0.30000000000000004 0.47500000000000003 40.00000000073482
0.30000000000000004 0.5 40.000000000756685
0.30000000000000004 0.525 40.00000000077855
0.30000000000000004 0.55 40.00000000080041
0.30000000000000004 0.5750000000000001 40.00000000082227
0.30000000000000004 0.6000000000000001 40.00000000084413
0.30000000000000004 0.625 40.000000000865995
0.30000000000000004 0.65 40.00000000088786
0.30000000000000004 0.675 40.00000000090972
0.30000000000000004 0.7000000000000001 40.000000000931585
0.30000000000000004 0.7250000000000001 40.00000000095345
0.30000000000000004 0.75 40.00000000097531
0.30000000000000004 0.775 40.000000000997176
0.30000000000000004 0.8 40.00000000101904
0.30000000000000004 0.8250000000000001 40.0000000010409
0.30000000000000004 0.8500000000000001 40.00000000106276
0.30000000000000004 0.875 40.00000000108463
0.30000000000000004 0.9 40.0000000011065
0.30000000000000004 0.925 40.000000001128356
0.30000000000000004 0.9500000000000001 40.00000000115023
0.30000000000000004 0.9750000000000001 40.00000000117208
0.30000000000000004 1.0 40.000000001193946
0.325 0.0 40.0000000003082
0.325 0.025 40.00000000032927
0.325 0.05 40.00000000035034
0.325 0.07500000000000001 40.00000000037142
0.325 0.1 40.0000000003925
0.325 0.125 40.00000000041357
0.325 0.15000000000000002 40.00000000043464
0.325 0.17500000000000002 40.00000000045572
0.325 0.2 40.00000000047679
0.325 0.225 40.00000000049786
0.325 0.25 40.00000000051894
0.325 0.275 40.000000000540005
0.325 0.30000000000000004 40.00000000056109
0.325 0.325 40.00000000058216
0.325 0.35000000000000003 40.00000000060323
0.325 0.375 40.00000000062431
0.325 0.4 40.00000000064538
0.325 0.42500000000000004 40.00000000066646
0.325 0.45 40.000000000687535
0.325 0.47500000000000003 40.0000000007086
0.325 0.5 40.00000000072968
0.325 0.525 40.00000000075075
0.325 0.55 40.00000000077182
0.325 0.5750000000000001 40.0000000007929
0.325 0.6000000000000001 40.00000000081397
0.325 0.625 40.000000000835044
0.325 0.65 40.00000000085612
0.325 0.675 40.00000000087719
0.325 0.7000000000000001 40.00000000089827
0.325 0.7250000000000001 40.00000000091934
0.325 0.75 40.00000000094042
0.325 0.775 40.00000000096149
0.325 0.8 40.00000000098257
0.325 0.8250000000000001 40.00000000100364
0.325 0.8500000000000001 40.000000001024716
0.325 0.875 40.00000000104579
0.325 0.9 40.00000000106686
0.325 0.925 40.00000000108794
0.325 0.9500000000000001 40.00000000110901
0.325 0.9750000000000001 40.000000001130076
0.325 1.0 40.00000000115116
0.35000000000000003 0.0 40.00000000029698
0.35000000000000003 0.025 40.00000000031726
0.35000000000000003 0.05 40.00000000033754
0.35000000000000003 0.07500000000000001 40.00000000035783
0.35000000000000003 0.1 40.000000000378115
0.35000000000000003 0.125 40.000000000398394
0.35000000000000003 0.15000000000000002 40.00000000041869
0.35000000000000003 0.17500000000000002 40.000000000438966
0.35000000000000003 0.2 40.00000000045925
0.35000000000000003 0.225 40.00000000047954
0.35000000000000003 0.25 40.00000000049982
0.35000000000000003 0.275 40.00000000052011
0.35000000000000003 0.30000000000000004 40.00000000054039
0.35000000000000003 0.325 40.000000000560675
0.35000000000000003 0.35000000000000003 40.00000000058096
0.35000000000000003 0.375 40.00000000060125
0.35000000000000003 0.4 40.000000000621526
0.35000000000000003 0.42500000000000004 40.00000000064182
0.35000000000000003 0.45 40.000000000662105
0.35000000000000003 0.47500000000000003 40.000000000682384
0.35000000000000003 0.5 40.00000000070267
0.35000000000000003 0.525 40.00000000072295
0.35000000000000003 0.55 40.000000000743235
0.35000000000000003 0.5750000000000001 40.00000000076352
0.35000000000000003 0.6000000000000001 40.00000000078381
0.35000000000000003 0.625 40.00000000080409
0.35000000000000003 0.65 40.00000000082437
0.35000000000000003 0.675 40.00000000084466
0.35000000000000003 0.7000000000000001 40.000000000864944
0.35000000000000003 0.7250000000000001 40.00000000088522
0.35000000000000003 0.75 40.000000000905516
0.35000000000000003 0.775 40.000000000925795
0.35000000000000003 0.8 40.00000000094608
0.35000000000000003 0.8250000000000001 40.00000000096637
0.35000000000000003 0.8500000000000001 40.00000000098665
0.35000000000000003 0.875 40.00000000100693
0.35000000000000003 0.9 40.00000000102722
0.35000000000000003 0.925 40.0000000010475
0.35000000000000003 0.9500000000000001 40.00000000106779
0.35000000000000003 0.9750000000000001 40.00000000108807
0.35000000000000003 1.0 40.000000001108354
0.375 0.0 40.000000000285766
0.375 0.025 40.000000000305256
0.375 0.05 40.00000000032476
0.375 0.07500000000000001 40.000000000344244
0.375 0.1 40.00000000036375
0.375 0.125 40.00000000038324
0.375 0.15000000000000002 40.00000000040274
0.375 0.17500000000000002 40.00000000042223
0.375 0.2 40.00000000044172
0.375 0.225 40.00000000046122
0.375 0.25 40.00000000048071
0.375 0.275 40.00000000050021
0.375 0.30000000000000004 40.000000000519705
0.375 0.325 40.0000000005392
0.375 0.35000000000000003 40.00000000055869
0.375 0.375 40.00000000057818
0.375 0.4 40.00000000059769
0.375 0.42500000000000004 40.00000000061718
0.375 0.45 40.000000000636675
0.375 0.47500000000000003 40.00000000065617
0.375 0.5 40.00000000067566
0.375 0.525 40.00000000069516
0.375 0.55 40.00000000071466
0.375 0.5750000000000001 40.000000000734154
0.375 0.6000000000000001 40.000000000753644
0.375 0.625 40.00000000077314
0.375 0.65 40.00000000079264
0.375 0.675 40.00000000081213
0.375 0.7000000000000001 40.000000000831626
0.375 0.7250000000000001 40.000000000851124
0.375 0.75 40.000000000870614
0.375 0.775 40.00000000089011
0.375 0.8 40.00000000090961
0.375 0.8250000000000001 40.000000000929106
0.375 0.8500000000000001 40.00000000094859
0.375 0.875 40.00000000096809
0.375 0.9 40.00000000098758
0.375 0.925 40.00000000100708
0.375 0.9500000000000001 40.00000000102658
0.375 0.9750000000000001 40.00000000104607
0.375 1.0 40.000000001065565
0.4 0.0 40.00000000027455
0.4 0.025 40.00000000029325
0.4 0.05 40.000000000311964
0.4 0.07500000000000001 40.000000000330665
0.4 0.1 40.000000000349374
0.4 0.125 40.00000000036808
0.4 0.15000000000000002 40.00000000038678
0.4 0.17500000000000002 40.000000000405485
0.4 0.2 40.000000000424194
0.4 0.225 40.000000000442895
0.4 0.25 40.000000000461604
0.4 0.275 40.000000000480306
0.4 0.30000000000000004 40.00000000049902
0.4 0.325 40.00000000051772
0.4 0.35000000000000003 40.000000000536424
0.4 0.375 40.00000000055513
0.4 0.4 40.000000000573834
0.4 0.42500000000000004 40.00000000059254
0.4 0.45 40.00000000061125
0.4 0.47500000000000003 40.00000000062995
0.4 0.5 40.00000000064866
0.4 0.525 40.00000000066737
0.4 0.55 40.00000000068607
0.4 0.5750000000000001 40.00000000070477
0.4 0.6000000000000001 40.00000000072348
0.4 0.625 40.00000000074219
0.4 0.65 40.00000000076089
0.4 0.675 40.00000000077961
0.4 0.7000000000000001 40.00000000079831
0.4 0.7250000000000001 40.00000000081701
0.4 0.75 40.00000000083572
0.4 0.775 40.00000000085443
0.4 0.8 40.00000000087313
0.4 0.8250000000000001 40.00000000089183
0.4 0.8500000000000001 40.00000000091054
0.4 0.875 40.00000000092925
0.4 0.9 40.00000000094795
0.4 0.925 40.00000000096666
0.4 0.9500000000000001 40.00000000098537
0.4 0.9750000000000001 40.00000000100407
0.4 1.0 40.00000000102278
0.42500000000000004 0.0 40.00000000026333
0.42500000000000004 0.025 40.00000000028125
0.42500000000000004 0.05 40.00000000029916
0.42500000000000004 0.07500000000000001 40.00000000031708
0.42500000000000004 0.1 40.00000000033499
0.42500000000000004 0.125 40.00000000035291
0.42500000000000004 0.15000000000000002 40.000000000370825
0.42500000000000004 0.17500000000000002 40.00000000038874
0.42500000000000004 0.2 40.000000000406665
0.42500000000000004 0.225 40.00000000042458
0.42500000000000004 0.25 40.0000000004425
0.42500000000000004 0.275 40.0000000004604
0.42500000000000004 0.30000000000000004 40.00000000047832
0.42500000000000004 0.325 40.00000000049624
0.42500000000000004 0.35000000000000003 40.000000000514156
0.42500000000000004 0.375 40.000000000532076
0.42500000000000004 0.4 40.00000000054999
0.42500000000000004 0.42500000000000004 40.00000000056791
0.42500000000000004 0.45 40.00000000058583
0.42500000000000004 0.47500000000000003 40.00000000060374
0.42500000000000004 0.5 40.000000000621654
0.42500000000000004 0.525 40.000000000639574
0.42500000000000004 0.55 40.00000000065749
0.42500000000000004 0.5750000000000001 40.000000000675406
0.42500000000000004 0.6000000000000001 40.00000000069332
0.42500000000000004 0.625 40.00000000071124
0.42500000000000004 0.65 40.00000000072915
0.42500000000000004 0.675 40.000000000747065
0.42500000000000004 0.7000000000000001 40.000000000764985
0.42500000000000004 0.7250000000000001 40.000000000782904
0.42500000000000004 0.75 40.00000000080082
0.42500000000000004 0.775 40.00000000081873
0.42500000000000004 0.8 40.00000000083665
0.42500000000000004 0.8250000000000001 40.00000000085457
0.42500000000000004 0.8500000000000001 40.00000000087248
0.42500000000000004 0.875 40.000000000890395
0.42500000000000004 0.9 40.000000000908315
0.42500000000000004 0.925 40.000000000926235
0.42500000000000004 0.9500000000000001 40.00000000094415
0.42500000000000004 0.9750000000000001 40.00000000096206
0.42500000000000004 1.0 40.00000000097998
0.45 0.0 40.000000000252115
0.45 0.025 40.000000000269246
0.45 0.05 40.000000000286356
0.45 0.07500000000000001 40.0000000003035
0.45 0.1 40.000000000320625
0.45 0.125 40.00000000033775
0.45 0.15000000000000002 40.00000000035487
0.45 0.17500000000000002 40.000000000372
0.45 0.2 40.000000000389136
0.45 0.225 40.00000000040625
0.45 0.25 40.000000000423384
0.45 0.275 40.000000000440515
0.45 0.30000000000000004 40.00000000045764
0.45 0.325 40.00000000047477
0.45 0.35000000000000003 40.000000000491895
0.45 0.375 40.00000000050902
0.45 0.4 40.00000000052614
0.45 0.42500000000000004 40.00000000054327
0.45 0.45 40.0000000005604
0.45 0.47500000000000003 40.00000000057752
0.45 0.5 40.00000000059465
0.45 0.525 40.00000000061178
0.45 0.55 40.0000000006289
0.45 0.5750000000000001 40.00000000064603
0.45 0.6000000000000001 40.000000000663164
0.45 0.625 40.00000000068029
0.45 0.65 40.00000000069742
0.45 0.675 40.000000000714536
0.45 0.7000000000000001 40.00000000073167
0.45 0.7250000000000001 40.00000000074879
0.45 0.75 40.00000000076592
0.45 0.775 40.00000000078305
0.45 0.8 40.00000000080018
0.45 0.8250000000000001 40.0000000008173
0.45 0.8500000000000001 40.000000000834426
0.45 0.875 40.00000000085156
0.45 0.9 40.00000000086868
0.45 0.925 40.000000000885805
0.45 0.9500000000000001 40.000000000902936
0.45 0.9750000000000001 40.00000000092007
0.45 1.0 40.00000000093719
0.47500000000000003 0.0 40.000000000240895
0.47500000000000003 0.025 40.000000000257224
0.47500000000000003 0.05 40.000000000273566
0.47500000000000003 0.07500000000000001 40.000000000289916
0.47500000000000003 0.1 40.000000000306244
0.47500000000000003 0.125 40.00000000032258
0.47500000000000003 0.15000000000000002 40.00000000033892
0.47500000000000003 0.17500000000000002 40.00000000035525
0.47500000000000003 0.2 40.0000000003716
0.47500000000000003 0.225 40.000000000387935
0.47500000000000003 0.25 40.00000000040427
0.47500000000000003 0.275 40.000000000420606
0.47500000000000003 0.30000000000000004 40.00000000043694
0.47500000000000003 0.325 40.000000000453284
0.47500000000000003 0.35000000000000003 40.00000000046962
0.47500000000000003 0.375 40.000000000485954
0.47500000000000003 0.4 40.0000000005023
0.47500000000000003 0.42500000000000004 40.00000000051864
0.47500000000000003 0.45 40.00000000053497
0.47500000000000003 0.47500000000000003 40.0000000005513
0.47500000000000003 0.5 40.000000000567645
0.47500000000000003 0.525 40.00000000058398
0.47500000000000003 0.55 40.000000000600316
0.47500000000000003 0.5750000000000001 40.00000000061666
0.47500000000000003 0.6000000000000001 40.000000000632994
0.47500000000000003 0.625 40.00000000064933
0.47500000000000003 0.65 40.000000000665665
0.47500000000000003 0.675 40.00000000068201
0.47500000000000003 0.7000000000000001 40.00000000069835
0.47500000000000003 0.7250000000000001 40.00000000071468
0.47500000000000003 0.75 40.00000000073102
0.47500000000000003 0.775 40.00000000074735
0.47500000000000003 0.8 40.00000000076369
0.47500000000000003 0.8250000000000001 40.000000000780034
0.47500000000000003 0.8500000000000001 40.00000000079637
0.47500000000000003 0.875 40.000000000812705
0.47500000000000003 0.9 40.00000000082904
0.47500000000000003 0.925 40.000000000845375
0.47500000000000003 0.9500000000000001 40.00000000086172
0.47500000000000003 0.9750000000000001 40.000000000878046
0.47500000000000003 1.0 40.00000000089439
0.5 0.0 40.000000000229676
0.5 0.025 40.00000000024522
0.5 0.05 40.000000000260776
0.5 0.07500000000000001 40.00000000027632
0.5 0.1 40.00000000029187
0.5 0.125 40.000000000307416
0.5 0.15000000000000002 40.00000000032296
0.5 0.17500000000000002 40.00000000033852
0.5 0.2 40.00000000035406
0.5 0.225 40.00000000036961
0.5 0.25 40.00000000038516
0.5 0.275 40.0000000004007
0.5 0.30000000000000004 40.00000000041626
0.5 0.325 40.00000000043181
0.5 0.35000000000000003 40.00000000044734
0.5 0.375 40.0000000004629
0.5 0.4 40.000000000478444
0.5 0.42500000000000004 40.000000000494
0.5 0.45 40.000000000509544
0.5 0.47500000000000003 40.00000000052509
0.5 0.5 40.00000000054064
0.5 0.525 40.00000000055619
0.5 0.55 40.00000000057173
0.5 0.5750000000000001 40.000000000587285
0.5 0.6000000000000001 40.00000000060283
0.5 0.625 40.00000000061838
0.5 0.65 40.000000000633925
0.5 0.675 40.00000000064948
0.5 0.7000000000000001 40.000000000665025
0.5 0.7250000000000001 40.00000000068057
0.5 0.75 40.00000000069612
0.5 0.775 40.000000000711665
0.5 0.8 40.00000000072721
0.5 0.8250000000000001 40.000000000742766
0.5 0.8500000000000001 40.00000000075831
0.5 0.875 40.00000000077386
0.5 0.9 40.00000000078941
0.5 0.925 40.00000000080495
0.5 0.9500000000000001 40.000000000820506
0.5 0.9750000000000001 40.00000000083605
0.5 1.0 40.0000000008516
0.525 0.0 40.00000000021846
0.525 0.025 40.000000000233214
0.525 0.05 40.00000000024798
0.525 0.07500000000000001 40.00000000026274
0.525 0.1 40.000000000277495
0.525 0.125 40.00000000029225
0.525 0.15000000000000002 40.00000000030702
0.525 0.17500000000000002 40.00000000032177
0.525 0.2 40.000000000336534
0.525 0.225 40.00000000035129
0.525 0.25 40.00000000036604
0.525 0.275 40.000000000380815
0.525 0.30000000000000004 40.000000000395566
0.525 0.325 40.000000000410324
0.525 0.35000000000000003 40.000000000425075
0.525 0.375 40.00000000043984
0.525 0.4 40.000000000454605
0.525 0.42500000000000004 40.000000000469356
0.525 0.45 40.00000000048412
0.525 0.47500000000000003 40.00000000049887
0.525 0.5 40.00000000051364
0.525 0.525 40.000000000528395
0.525 0.55 40.00000000054315
0.525 0.5750000000000001 40.00000000055791
0.525 0.6000000000000001 40.00000000057267
0.525 0.625 40.00000000058742
0.525 0.65 40.000000000602185
0.525 0.675 40.00000000061694
0.525 0.7000000000000001 40.00000000063171
0.525 0.7250000000000001 40.000000000646466
0.525 0.75 40.00000000066122
0.525 0.775 40.00000000067598
0.525 0.8 40.00000000069073
0.525 0.8250000000000001 40.0000000007055
0.525 0.8500000000000001 40.00000000072025
0.525 0.875 40.000000000735014
0.525 0.9 40.00000000074977
0.525 0.925 40.00000000076453
0.525 0.9500000000000001 40.000000000779295
0.525 0.9750000000000001 40.000000000794046
0.525 1.0 40.000000000808804
0.55 0.0 40.00000000020725
0.55 0.025 40.00000000022121
0.55 0.05 40.00000000023518
0.55 0.07500000000000001 40.00000000024915
0.55 0.1 40.00000000026312
0.55 0.125 40.00000000027709
0.55 0.15000000000000002 40.00000000029106
0.55 0.17500000000000002 40.00000000030503
0.55 0.2 40.000000000319
0.55 0.225 40.00000000033297
0.55 0.25 40.00000000034694
0.55 0.275 40.000000000360906
0.55 0.30000000000000004 40.000000000374875
0.55 0.325 40.000000000388845
0.55 0.35000000000000003 40.00000000040281
0.55 0.375 40.00000000041678
0.55 0.4 40.00000000043076
0.55 0.42500000000000004 40.00000000044473
0.55 0.45 40.00000000045869
0.55 0.47500000000000003 40.00000000047265
0.55 0.5 40.00000000048663
0.55 0.525 40.0000000005006
0.55 0.55 40.00000000051457
0.55 0.5750000000000001 40.00000000052854
0.55 0.6000000000000001 40.00000000054251
0.55 0.625 40.000000000556476
0.55 0.65 40.000000000570445
0.55 0.675 40.000000000584414
0.55 0.7000000000000001 40.000000000598384
0.55 0.7250000000000001 40.00000000061235
0.55 0.75 40.00000000062632
0.55 0.775 40.00000000064029
0.55 0.8 40.00000000065426
0.55 0.8250000000000001 40.00000000066823
0.55 0.8500000000000001 40.0000000006822
0.55 0.875 40.00000000069617
0.55 0.9 40.00000000071013
0.55 0.925 40.0000000007241
0.55 0.9500000000000001 40.00000000073807
0.55 0.9750000000000001 40.00000000075204
0.55 1.0 40.00000000076601
0.5750000000000001 0.0 40.00000000019603
0.5750000000000001 0.025 40.00000000020921
0.5750000000000001 0.05 40.000000000222386
0.5750000000000001 0.07500000000000001 40.000000000235566
0.5750000000000001 0.1 40.000000000248754
0.5750000000000001 0.125 40.00000000026193
0.5750000000000001 0.15000000000000002 40.00000000027511
0.5750000000000001 0.17500000000000002 40.00000000028829
0.5750000000000001 0.2 40.00000000030146
0.5750000000000001 0.225 40.00000000031465
0.5750000000000001 0.25 40.00000000032783
0.5750000000000001 0.275 40.000000000341004
0.5750000000000001 0.30000000000000004 40.00000000035419
0.5750000000000001 0.325 40.000000000367365
0.5750000000000001 0.35000000000000003 40.000000000380545
0.5750000000000001 0.375 40.000000000393726
0.5750000000000001 0.4 40.0000000004069
0.5750000000000001 0.42500000000000004 40.00000000042009
0.5750000000000001 0.45 40.00000000043327
0.5750000000000001 0.47500000000000003 40.00000000044644
0.5750000000000001 0.5 40.00000000045962
0.5750000000000001 0.525 40.0000000004728
0.5750000000000001 0.55 40.00000000048598
0.5750000000000001 0.5750000000000001 40.00000000049916
0.5750000000000001 0.6000000000000001 40.000000000512344
0.5750000000000001 0.625 40.000000000525525
0.5750000000000001 0.65 40.0000000005387
0.5750000000000001 0.675 40.00000000055188
0.5750000000000001 0.7000000000000001 40.000000000565066
0.5750000000000001 0.7250000000000001 40.00000000057824
0.5750000000000001 0.75 40.00000000059142
0.5750000000000001 0.775 40.0000000006046
0.5750000000000001 0.8 40.000000000617774
0.5750000000000001 0.8250000000000001 40.00000000063096
0.5750000000000001 0.8500000000000001 40.000000000644135
0.5750000000000001 0.875 40.00000000065732
0.5750000000000001 0.9 40.0000000006705
0.5750000000000001 0.925 40.000000000683684
0.5750000000000001 0.9500000000000001 40.00000000069686
0.5750000000000001 0.9750000000000001 40.000000000710045
0.5750000000000001 1.0 40.00000000072322
0.6000000000000001 0.0 40.00000000018481
0.6000000000000001 0.025 40.000000000197204
0.6000000000000001 0.05 40.00000000020959
0.6000000000000001 0.07500000000000001 40.000000000221995
0.6000000000000001 0.1 40.00000000023437
0.6000000000000001 0.125 40.000000000246764
0.6000000000000001 0.15000000000000002 40.00000000025915
0.6000000000000001 0.17500000000000002 40.00000000027154
0.6000000000000001 0.2 40.00000000028393
0.6000000000000001 0.225 40.000000000296325
0.6000000000000001 0.25 40.00000000030872
0.6000000000000001 0.275 40.00000000032111
0.6000000000000001 0.30000000000000004 40.00000000033349
0.6000000000000001 0.325 40.000000000345885
0.6000000000000001 0.35000000000000003 40.00000000035827
0.6000000000000001 0.375 40.00000000037066
0.6000000000000001 0.4 40.00000000038306
0.6000000000000001 0.42500000000000004 40.000000000395445
0.6000000000000001 0.45 40.00000000040784
0.6000000000000001 0.47500000000000003 40.00000000042023
0.6000000000000001 0.5 40.00000000043262
0.6000000000000001 0.525 40.000000000445006
0.6000000000000001 0.55 40.0000000004574
0.6000000000000001 0.5750000000000001 40.00000000046979
0.6000000000000001 0.6000000000000001 40.00000000048218
0.6000000000000001 0.625 40.00000000049457
0.6000000000000001 0.65 40.00000000050696
0.6000000000000001 0.675 40.00000000051935
0.6000000000000001 0.7000000000000001 40.00000000053174
0.6000000000000001 0.7250000000000001 40.000000000544134
0.6000000000000001 0.75 40.000000000556525
0.6000000000000001 0.775 40.00000000056892
0.6000000000000001 0.8 40.0000000005813
0.6000000000000001 0.8250000000000001 40.000000000593694
0.6000000000000001 0.8500000000000001 40.00000000060608
0.6000000000000001 0.875 40.00000000061848
0.6000000000000001 0.9 40.00000000063086
0.6000000000000001 0.925 40.000000000643254
0.6000000000000001 0.9500000000000001 40.000000000655646
0.6000000000000001 0.9750000000000001 40.00000000066804
0.6000000000000001 1.0 40.00000000068043
0.625 0.0 40.0000000001736
0.625 0.025 40.000000000185196
0.625 0.05 40.0000000001968
0.625 0.07500000000000001 40.00000000020841
0.625 0.1 40.00000000021999
0.625 0.125 40.000000000231594
0.625 0.15000000000000002 40.0000000002432
0.625 0.17500000000000002 40.0000000002548
0.625 0.2 40.000000000266404
0.625 0.225 40.00000000027801
0.625 0.25 40.00000000028961
0.625 0.275 40.00000000030121
0.625 0.30000000000000004 40.0000000003128
0.625 0.325 40.000000000324405
0.625 0.35000000000000003 40.000000000336
0.625 0.375 40.00000000034761
0.625 0.4 40.00000000035921
0.625 0.42500000000000004 40.00000000037081
0.625 0.45 40.000000000382414
0.625 0.47500000000000003 40.00000000039401
0.625 0.5 40.00000000040561
0.625 0.525 40.00000000041721
0.625 0.55 40.00000000042881
0.625 0.5750000000000001 40.000000000440416
0.625 0.6000000000000001 40.00000000045202
0.625 0.625 40.000000000463615
0.625 0.65 40.000000000475225
0.625 0.675 40.00000000048682
0.625 0.7000000000000001 40.000000000498424
0.625 0.7250000000000001 40.00000000051002
0.625 0.75 40.000000000521624
0.625 0.775 40.00000000053323
0.625 0.8 40.00000000054482
0.625 0.8250000000000001 40.000000000556426
0.625 0.8500000000000001 40.00000000056802
0.625 0.875 40.000000000579625
0.625 0.9 40.00000000059123
0.625 0.925 40.000000000602824
0.625 0.9500000000000001 40.00000000061443
0.625 0.9750000000000001 40.00000000062603
0.625 1.0 40.000000000637634
0.65 0.0 40.00000000016238
0.65 0.025 40.00000000017319
0.65 0.05 40.000000000183995
0.65 0.07500000000000001 40.00000000019482
0.65 0.1 40.00000000020563
0.65 0.125 40.00000000021643
0.65 0.15000000000000002 40.000000000227246
0.65 0.17500000000000002 40.00000000023806
0.65 0.2 40.000000000248875
0.65 0.225 40.00000000025968
0.65 0.25 40.0000000002705
0.65 0.275 40.000000000281304
0.65 0.30000000000000004 40.00000000029212
0.65 0.325 40.000000000302926
0.65 0.35000000000000003 40.00000000031373
0.65 0.375 40.00000000032455
0.65 0.4 40.00000000033536
0.65 0.42500000000000004 40.00000000034617
0.65 0.45 40.00000000035699
0.65 0.47500000000000003 40.00000000036779
0.65 0.5 40.000000000378606
0.65 0.525 40.00000000038942
0.65 0.55 40.000000000400235
0.65 0.5750000000000001 40.00000000041104
0.65 0.6000000000000001 40.000000000421856
0.65 0.625 40.00000000043267
0.65 0.65 40.00000000044348
0.65 0.675 40.00000000045429
0.65 0.7000000000000001 40.0000000004651
0.65 0.7250000000000001 40.000000000475914
0.65 0.75 40.00000000048673
0.65 0.775 40.000000000497536
0.65 0.8 40.000000000508344
0.65 0.8250000000000001 40.000000000519165
0.65 0.8500000000000001 40.00000000052997
0.65 0.875 40.00000000054078
0.65 0.9 40.000000000551594
0.65 0.925 40.0000000005624
0.65 0.9500000000000001 40.000000000573216
0.65 0.9750000000000001 40.00000000058402
0.65 1.0 40.00000000059484
0.675 0.0 40.00000000015116
0.675 0.025 40.00000000016119
0.675 0.05 40.000000000171205
0.675 0.07500000000000001 40.00000000018123
0.675 0.1 40.00000000019125
0.675 0.125 40.00000000020127
0.675 0.15000000000000002 40.00000000021129
0.675 0.17500000000000002 40.00000000022132
0.675 0.2 40.000000000231346
0.675 0.225 40.000000000241364
0.675 0.25 40.00000000025138
0.675 0.275 40.0000000002614
0.675 0.30000000000000004 40.00000000027142
0.675 0.325 40.00000000028145
0.675 0.35000000000000003 40.000000000291465
0.675 0.375 40.00000000030149
0.675 0.4 40.000000000311516
0.675 0.42500000000000004 40.000000000321535
0.675 0.45 40.00000000033156
0.675 0.47500000000000003 40.00000000034158
0.675 0.5 40.0000000003516
0.675 0.525 40.000000000361624
0.675 0.55 40.00000000037166
0.675 0.5750000000000001 40.000000000381675
0.675 0.6000000000000001 40.000000000391694
0.675 0.625 40.00000000040171
0.675 0.65 40.00000000041174
0.675 0.675 40.00000000042176
0.675 0.7000000000000001 40.000000000431776
0.675 0.7250000000000001 40.0000000004418
0.675 0.75 40.00000000045183
0.675 0.775 40.000000000461846
0.675 0.8 40.000000000471864
0.675 0.8250000000000001 40.00000000048189
0.675 0.8500000000000001 40.000000000491916
0.675 0.875 40.000000000501934
0.675 0.9 40.00000000051196
0.675 0.925 40.00000000052198
0.675 0.9500000000000001 40.000000000532005
0.675 0.9750000000000001 40.00000000054202
0.675 1.0 40.00000000055204
0.7000000000000001 0.0 40.00000000013995
0.7000000000000001 0.025 40.00000000014918
0.7000000000000001 0.05 40.00000000015841
0.7000000000000001 0.07500000000000001 40.000000000167645
0.7000000000000001 0.1 40.00000000017688
0.7000000000000001 0.125 40.000000000186105
0.7000000000000001 0.15000000000000002 40.00000000019534
0.7000000000000001 0.17500000000000002 40.00000000020457
0.7000000000000001 0.2 40.0000000002138
0.7000000000000001 0.225 40.00000000022304
0.7000000000000001 0.25 40.00000000023227
0.7000000000000001 0.275 40.00000000024151
0.7000000000000001 0.30000000000000004 40.000000000250736
0.7000000000000001 0.325 40.00000000025997
0.7000000000000001 0.35000000000000003 40.000000000269196
0.7000000000000001 0.375 40.00000000027843
0.7000000000000001 0.4 40.00000000028767
0.7000000000000001 0.42500000000000004 40.00000000029691
0.7000000000000001 0.45 40.00000000030613
0.7000000000000001 0.47500000000000003 40.00000000031537
0.7000000000000001 0.5 40.000000000324604
0.7000000000000001 0.525 40.00000000033383
0.7000000000000001 0.55 40.000000000343064
0.7000000000000001 0.5750000000000001 40.0000000003523
0.7000000000000001 0.6000000000000001 40.000000000361524
0.7000000000000001 0.625 40.00000000037077
0.7000000000000001 0.65 40.00000000038
0.7000000000000001 0.675 40.00000000038922
0.7000000000000001 0.7000000000000001 40.00000000039846
0.7000000000000001 0.7250000000000001 40.00000000040769
0.7000000000000001 0.75 40.00000000041692
0.7000000000000001 0.775 40.000000000426155
0.7000000000000001 0.8 40.00000000043539
0.7000000000000001 0.8250000000000001 40.00000000044463
0.7000000000000001 0.8500000000000001 40.00000000045385
0.7000000000000001 0.875 40.00000000046309
0.7000000000000001 0.9 40.000000000472326
0.7000000000000001 0.925 40.000000000481556
0.7000000000000001 0.9500000000000001 40.000000000490786
0.7000000000000001 0.9750000000000001 40.00000000050002
0.7000000000000001 1.0 40.000000000509246
0.7250000000000001 0.0 40.00000000012873
0.7250000000000001 0.025 40.00000000013717
0.7250000000000001 0.05 40.00000000014562
0.7250000000000001 0.07500000000000001 40.00000000015406
0.7250000000000001 0.1 40.0000000001625
0.7250000000000001 0.125 40.00000000017094
0.7250000000000001 0.15000000000000002 40.00000000017939
0.7250000000000001 0.17500000000000002 40.00000000018783
0.7250000000000001 0.2 40.00000000019627
0.7250000000000001 0.225 40.00000000020472
0.7250000000000001 0.25 40.00000000021316
0.7250000000000001 0.275 40.000000000221604
0.7250000000000001 0.30000000000000004 40.000000000230045
0.7250000000000001 0.325 40.000000000238494
0.7250000000000001 0.35000000000000003 40.00000000024693
0.7250000000000001 0.375 40.000000000255376
0.7250000000000001 0.4 40.00000000026382
0.7250000000000001 0.42500000000000004 40.000000000272266
0.7250000000000001 0.45 40.00000000028071
0.7250000000000001 0.47500000000000003 40.00000000028915
0.7250000000000001 0.5 40.0000000002976
0.7250000000000001 0.525 40.00000000030604
0.7250000000000001 0.55 40.00000000031448
0.7250000000000001 0.5750000000000001 40.00000000032293
0.7250000000000001 0.6000000000000001 40.00000000033137
0.7250000000000001 0.625 40.00000000033981
0.7250000000000001 0.65 40.00000000034825
0.7250000000000001 0.675 40.0000000003567
0.7250000000000001 0.7000000000000001 40.000000000365134
0.7250000000000001 0.7250000000000001 40.00000000037358
0.7250000000000001 0.75 40.00000000038203
0.7250000000000001 0.775 40.00000000039047
0.7250000000000001 0.8 40.00000000039891
0.7250000000000001 0.8250000000000001 40.000000000407354
0.7250000000000001 0.8500000000000001 40.0000000004158
0.7250000000000001 0.875 40.000000000424244
0.7250000000000001 0.9 40.000000000432685
0.7250000000000001 0.925 40.00000000044113
0.7250000000000001 0.9500000000000001 40.00000000044957
0.7250000000000001 0.9750000000000001 40.000000000458016
0.7250000000000001 1.0 40.00000000046646
0.75 0.0 40.00000000011751
0.75 0.025 40.00000000012516
0.75 0.05 40.000000000132815
0.75 0.07500000000000001 40.000000000140474
0.75 0.1 40.000000000148134
0.75 0.125 40.00000000015578
0.75 0.15000000000000002 40.00000000016343
0.75 0.17500000000000002 40.000000000171084
0.75 0.2 40.000000000178744
0.75 0.225 40.0000000001864
0.75 0.25 40.00000000019405
0.75 0.275 40.0000000002017
0.75 0.30000000000000004 40.00000000020936
0.75 0.325 40.00000000021702
0.75 0.35000000000000003 40.00000000022467
0.75 0.375 40.000000000232326
0.75 0.4 40.000000000239964
0.75 0.42500000000000004 40.000000000247624
0.75 0.45 40.000000000255284
0.75 0.47500000000000003 40.00000000026293
0.75 0.5 40.00000000027059
0.75 0.525 40.00000000027824
0.75 0.55 40.000000000285894
0.75 0.5750000000000001 40.000000000293554
0.75 0.6000000000000001 40.000000000301206
0.75 0.625 40.00000000030886
0.75 0.65 40.00000000031652
0.75 0.675 40.000000000324164
0.75 0.7000000000000001 40.00000000033182
0.75 0.7250000000000001 40.00000000033947
0.75 0.75 40.00000000034712
0.75 0.775 40.00000000035478
0.75 0.8 40.00000000036244
0.75 0.8250000000000001 40.00000000037009
0.75 0.8500000000000001 40.00000000037774
0.75 0.875 40.0000000003854
0.75 0.9 40.00000000039305
0.75 0.925 40.0000000004007
0.75 0.9500000000000001 40.000000000408356
0.75 0.9750000000000001 40.00000000041601
0.75 1.0 40.00000000042366
0.775 0.0 40.0000000001063
0.775 0.025 40.00000000011316
0.775 0.05 40.00000000012002
0.775 0.07500000000000001 40.00000000012689
0.775 0.1 40.00000000013375
0.775 0.125 40.000000000140616
0.775 0.15000000000000002 40.00000000014748
0.775 0.17500000000000002 40.00000000015435
0.775 0.2 40.00000000016121
0.775 0.225 40.00000000016808
0.775 0.25 40.00000000017494
0.775 0.275 40.00000000018181
0.775 0.30000000000000004 40.00000000018866
0.775 0.325 40.000000000195534
0.775 0.35000000000000003 40.00000000020239
0.775 0.375 40.00000000020926
0.775 0.4 40.000000000216126
0.775 0.42500000000000004 40.00000000022299
0.775 0.45 40.00000000022985
0.775 0.47500000000000003 40.00000000023672
0.775 0.5 40.00000000024358
0.775 0.525 40.000000000250445
0.775 0.55 40.00000000025731
0.775 0.5750000000000001 40.00000000026418
0.775 0.6000000000000001 40.000000000271044
0.775 0.625 40.00000000027791
0.775 0.65 40.000000000284764
0.775 0.675 40.000000000291635
0.775 0.7000000000000001 40.0000000002985
0.775 0.7250000000000001 40.00000000030536
0.775 0.75 40.00000000031223
0.775 0.775 40.00000000031909
0.775 0.8 40.000000000325954
0.775 0.8250000000000001 40.00000000033282
0.775 0.8500000000000001 40.00000000033968
0.775 0.875 40.000000000346546
0.775 0.9 40.00000000035341
0.775 0.925 40.000000000360274
0.775 0.9500000000000001 40.00000000036714
0.775 0.9750000000000001 40.000000000374
0.775 1.0 40.00000000038087
0.8 0.0 40.00000000009508
0.8 0.025 40.00000000010115
0.8 0.05 40.00000000010723
0.8 0.07500000000000001 40.0000000001133
0.8 0.1 40.00000000011938
0.8 0.125 40.00000000012546
0.8 0.15000000000000002 40.00000000013153
0.8 0.17500000000000002 40.000000000137604
0.8 0.2 40.000000000143686
0.8 0.225 40.000000000149754
0.8 0.25 40.00000000015583
0.8 0.275 40.0000000001619
0.8 0.30000000000000004 40.00000000016797
0.8 0.325 40.000000000174055
0.8 0.35000000000000003 40.00000000018012
0.8 0.375 40.000000000186205
0.8 0.4 40.00000000019228
0.8 0.42500000000000004 40.000000000198355
0.8 0.45 40.00000000020443
0.8 0.47500000000000003 40.0000000002105
0.8 0.5 40.00000000021657
0.8 0.525 40.000000000222656
0.8 0.55 40.00000000022873
0.8 0.5750000000000001 40.0000000002348
0.8 0.6000000000000001 40.000000000240874
0.8 0.625 40.00000000024695
0.8 0.65 40.000000000253024
0.8 0.675 40.0000000002591
0.8 0.7000000000000001 40.000000000265175
0.8 0.7250000000000001 40.00000000027125
0.8 0.75 40.00000000027734
0.8 0.775 40.00000000028341
0.8 0.8 40.00000000028948
0.8 0.8250000000000001 40.00000000029556
0.8 0.8500000000000001 40.00000000030163
0.8 0.875 40.0000000003077
0.8 0.9 40.000000000313776
0.8 0.925 40.00000000031986
0.8 0.9500000000000001 40.00000000032593
0.8 0.9750000000000001 40.00000000033201
0.8 1.0 40.000000000338076
0.8250000000000001 0.0 40.000000000083865
0.8250000000000001 0.025 40.00000000008915
0.8250000000000001 0.05 40.000000000094424
0.8250000000000001 0.07500000000000001 40.00000000009972
0.8250000000000001 0.1 40.000000000105004
0.8250000000000001 0.125 40.00000000011029
0.8250000000000001 0.15000000000000002 40.00000000011557
0.8250000000000001 0.17500000000000002 40.00000000012086
0.8250000000000001 0.2 40.00000000012615
0.8250000000000001 0.225 40.000000000131436
0.8250000000000001 0.25 40.000000000136716
0.8250000000000001 0.275 40.000000000142
0.8250000000000001 0.30000000000000004 40.00000000014729
0.8250000000000001 0.325 40.000000000152575
0.8250000000000001 0.35000000000000003 40.000000000157854
0.8250000000000001 0.375 40.00000000016315
0.8250000000000001 0.4 40.00000000016843
0.8250000000000001 0.42500000000000004 40.00000000017371
0.8250000000000001 0.45 40.00000000017901
0.8250000000000001 0.47500000000000003 40.000000000184286
0.8250000000000001 0.5 40.00000000018957
0.8250000000000001 0.525 40.00000000019486
0.8250000000000001 0.55 40.000000000200146
0.8250000000000001 0.5750000000000001 40.00000000020543
0.8250000000000001 0.6000000000000001 40.00000000021072
0.8250000000000001 0.625 40.000000000216
0.8250000000000001 0.65 40.000000000221284
0.8250000000000001 0.675 40.00000000022657
0.8250000000000001 0.7000000000000001 40.00000000023186
0.8250000000000001 0.7250000000000001 40.000000000237144
0.8250000000000001 0.75 40.00000000024243
0.8250000000000001 0.775 40.00000000024771
0.8250000000000001 0.8 40.000000000253
0.8250000000000001 0.8250000000000001 40.00000000025829
0.8250000000000001 0.8500000000000001 40.000000000263576
0.8250000000000001 0.875 40.000000000268855
0.8250000000000001 0.9 40.000000000274134
0.8250000000000001 0.925 40.00000000027943
0.8250000000000001 0.9500000000000001 40.000000000284714
0.8250000000000001 0.9750000000000001 40.00000000029
0.8250000000000001 1.0 40.00000000029529
0.8500000000000001 0.0 40.000000000072646
0.8500000000000001 0.025 40.00000000007714
0.8500000000000001 0.05 40.000000000081634
0.8500000000000001 0.07500000000000001 40.00000000008614
0.8500000000000001 0.1 40.00000000009063
0.8500000000000001 0.125 40.00000000009513
0.8500000000000001 0.15000000000000002 40.00000000009962
0.8500000000000001 0.17500000000000002 40.000000000104116
0.8500000000000001 0.2 40.00000000010862
0.8500000000000001 0.225 40.00000000011311
0.8500000000000001 0.25 40.0000000001176
0.8500000000000001 0.275 40.00000000012211
0.8500000000000001 0.30000000000000004 40.00000000012659
0.8500000000000001 0.325 40.000000000131095
0.8500000000000001 0.35000000000000003 40.00000000013559
0.8500000000000001 0.375 40.00000000014008
0.8500000000000001 0.4 40.00000000014458
0.8500000000000001 0.42500000000000004 40.000000000149086
0.8500000000000001 0.45 40.00000000015358
0.8500000000000001 0.47500000000000003 40.00000000015807
0.8500000000000001 0.5 40.00000000016257
0.8500000000000001 0.525 40.00000000016706
0.8500000000000001 0.55 40.00000000017156
0.8500000000000001 0.5750000000000001 40.00000000017606
0.8500000000000001 0.6000000000000001 40.00000000018055
0.8500000000000001 0.625 40.00000000018504
0.8500000000000001 0.65 40.000000000189544
0.8500000000000001 0.675 40.00000000019404
0.8500000000000001 0.7000000000000001 40.00000000019853
0.8500000000000001 0.7250000000000001 40.00000000020304
0.8500000000000001 0.75 40.00000000020753
0.8500000000000001 0.775 40.00000000021202
0.8500000000000001 0.8 40.00000000021653
0.8500000000000001 0.8250000000000001 40.00000000022102
0.8500000000000001 0.8500000000000001 40.00000000022551
0.8500000000000001 0.875 40.00000000023002
0.8500000000000001 0.9 40.00000000023451
0.8500000000000001 0.925 40.000000000239
0.8500000000000001 0.9500000000000001 40.0000000002435
0.8500000000000001 0.9750000000000001 40.000000000247994
0.8500000000000001 1.0 40.00000000025249
0.875 0.0 40.000000000061426
0.875 0.025 40.000000000065135
0.875 0.05 40.00000000006884
0.875 0.07500000000000001 40.00000000007255
0.875 0.1 40.000000000076255
0.875 0.125 40.000000000079964
0.875 0.15000000000000002 40.00000000008367
0.875 0.17500000000000002 40.000000000087375
0.875 0.2 40.00000000009109
0.875 0.225 40.00000000009479
0.875 0.25 40.000000000098495
0.875 0.275 40.000000000102204
0.875 0.30000000000000004 40.000000000105906
0.875 0.325 40.000000000109615
0.875 0.35000000000000003 40.00000000011331
0.875 0.375 40.000000000117026
0.875 0.4 40.000000000120735
0.875 0.42500000000000004 40.000000000124444
0.875 0.45 40.000000000128146
0.875 0.47500000000000003 40.00000000013185
0.875 0.5 40.000000000135564
0.875 0.525 40.000000000139266
0.875 0.55 40.000000000142975
0.875 0.5750000000000001 40.000000000146684
0.875 0.6000000000000001 40.00000000015039
0.875 0.625 40.000000000154095
0.875 0.65 40.000000000157804
0.875 0.675 40.00000000016151
0.875 0.7000000000000001 40.000000000165215
0.875 0.7250000000000001 40.000000000168924
0.875 0.75 40.00000000017263
0.875 0.775 40.000000000176335
0.875 0.8 40.00000000018004
0.875 0.8250000000000001 40.000000000183746
0.875 0.8500000000000001 40.000000000187455
0.875 0.875 40.000000000191164
0.875 0.9 40.000000000194866
0.875 0.925 40.000000000198575
0.875 0.9500000000000001 40.000000000202284
0.875 0.9750000000000001 40.00000000020599
0.875 1.0 40.000000000209695
0.9 0.0 40.000000000050214
0.9 0.025 40.00000000005313
0.9 0.05 40.00000000005604
0.9 0.07500000000000001 40.00000000005897
0.9 0.1 40.00000000006188
0.9 0.125 40.000000000064794
0.9 0.15000000000000002 40.00000000006771
0.9 0.17500000000000002 40.00000000007063
0.9 0.2 40.00000000007355
0.9 0.225 40.00000000007647
0.9 0.25 40.00000000007939
0.9 0.275 40.0000000000823
0.9 0.30000000000000004 40.00000000008522
0.9 0.325 40.000000000088136
0.9 0.35000000000000003 40.000000000091056
0.9 0.375 40.00000000009397
0.9 0.4 40.00000000009689
0.9 0.42500000000000004 40.00000000009981
0.9 0.45 40.00000000010273
0.9 0.47500000000000003 40.000000000105636
0.9 0.5 40.00000000010856
0.9 0.525 40.00000000011148
0.9 0.55 40.00000000011438
0.9 0.5750000000000001 40.00000000011731
0.9 0.6000000000000001 40.000000000120224
0.9 0.625 40.000000000123144
0.9 0.65 40.000000000126064
0.9 0.675 40.00000000012898
0.9 0.7000000000000001 40.0000000001319
0.9 0.7250000000000001 40.00000000013481
0.9 0.75 40.00000000013773
0.9 0.775 40.000000000140645
0.9 0.8 40.000000000143565
0.9 0.8250000000000001 40.000000000146485
0.9 0.8500000000000001 40.0000000001494
0.9 0.875 40.00000000015232
0.9 0.9 40.00000000015523
0.9 0.925 40.00000000015815
0.9 0.9500000000000001 40.000000000161066
0.9 0.9750000000000001 40.000000000163986
0.9 1.0 40.0000000001669
0.925 0.0 40.000000000038995
0.925 0.025 40.00000000004112
0.925 0.05 40.000000000043244
0.925 0.07500000000000001 40.000000000045375
0.925 0.1 40.000000000047514
0.925 0.125 40.00000000004963
0.925 0.15000000000000002 40.00000000005176
0.925 0.17500000000000002 40.00000000005388
0.925 0.2 40.00000000005602
0.925 0.225 40.00000000005815
0.925 0.25 40.000000000060275
0.925 0.275 40.0000000000624
0.925 0.30000000000000004 40.00000000006453
0.925 0.325 40.00000000006666
0.925 0.35000000000000003 40.00000000006878
0.925 0.375 40.00000000007091
0.925 0.4 40.000000000073044
0.925 0.42500000000000004 40.00000000007517
0.925 0.45 40.0000000000773
0.925 0.47500000000000003 40.00000000007942
0.925 0.5 40.00000000008155
0.925 0.525 40.00000000008367
0.925 0.55 40.000000000085805
0.925 0.5750000000000001 40.00000000008794
0.925 0.6000000000000001 40.00000000009007
0.925 0.625 40.000000000092186
0.925 0.65 40.00000000009432
0.925 0.675 40.00000000009645
0.925 0.7000000000000001 40.00000000009858
0.925 0.7250000000000001 40.000000000100705
0.925 0.75 40.00000000010284
0.925 0.775 40.000000000104954
0.925 0.8 40.000000000107086
0.925 0.8250000000000001 40.00000000010921
0.925 0.8500000000000001 40.00000000011134
0.925 0.875 40.000000000113474
0.925 0.9 40.0000000001156
0.925 0.925 40.00000000011772
0.925 0.9500000000000001 40.000000000119854
0.925 0.9750000000000001 40.00000000012197
0.925 1.0 40.00000000012411
0.9500000000000001 0.0 40.00000000002778
0.9500000000000001 0.025 40.00000000002911
0.9500000000000001 0.05 40.000000000030454
0.9500000000000001 0.07500000000000001 40.0000000000318
0.9500000000000001 0.1 40.00000000003313
0.9500000000000001 0.125 40.00000000003447
0.9500000000000001 0.15000000000000002 40.00000000003581
0.9500000000000001 0.17500000000000002 40.00000000003714
0.9500000000000001 0.2 40.00000000003849
0.9500000000000001 0.225 40.000000000039826
0.9500000000000001 0.25 40.00000000004116
0.9500000000000001 0.275 40.00000000004249
0.9500000000000001 0.30000000000000004 40.00000000004384
0.9500000000000001 0.325 40.000000000045176
0.9500000000000001 0.35000000000000003 40.00000000004651
0.9500000000000001 0.375 40.000000000047855
0.9500000000000001 0.4 40.0000000000492
0.9500000000000001 0.42500000000000004 40.00000000005053
0.9500000000000001 0.45 40.00000000005187
0.9500000000000001 0.47500000000000003 40.00000000005321
0.9500000000000001 0.5 40.00000000005455
0.9500000000000001 0.525 40.000000000055884
0.9500000000000001 0.55 40.00000000005722
0.9500000000000001 0.5750000000000001 40.00000000005856
0.9500000000000001 0.6000000000000001 40.000000000059906
0.9500000000000001 0.625 40.000000000061235
0.9500000000000001 0.65 40.00000000006258
0.9500000000000001 0.675 40.00000000006392
0.9500000000000001 0.7000000000000001 40.000000000065256
0.9500000000000001 0.7250000000000001 40.00000000006659
0.9500000000000001 0.75 40.00000000006793
0.9500000000000001 0.775 40.00000000006927
0.9500000000000001 0.8 40.00000000007061
0.9500000000000001 0.8250000000000001 40.00000000007194
0.9500000000000001 0.8500000000000001 40.000000000073285
0.9500000000000001 0.875 40.00000000007462
0.9500000000000001 0.9 40.000000000075964
0.9500000000000001 0.925 40.00000000007731
0.9500000000000001 0.9500000000000001 40.00000000007864
0.9500000000000001 0.9750000000000001 40.00000000007997
0.9500000000000001 1.0 40.000000000081315
0.9750000000000001 0.0 40.00000000001656
0.9750000000000001 0.025 40.0000000000171
0.9750000000000001 0.05 40.00000000001766
0.9750000000000001 0.07500000000000001 40.000000000018204
0.9750000000000001 0.1 40.00000000001876
0.9750000000000001 0.125 40.000000000019305
0.9750000000000001 0.15000000000000002 40.00000000001985
0.9750000000000001 0.17500000000000002 40.00000000002041
0.9750000000000001 0.2 40.000000000020954
0.9750000000000001 0.225 40.0000000000215
0.9750000000000001 0.25 40.000000000022055
0.9750000000000001 0.275 40.0000000000226
0.9750000000000001 0.30000000000000004 40.00000000002315
0.9750000000000001 0.325 40.0000000000237
0.9750000000000001 0.35000000000000003 40.000000000024244
0.9750000000000001 0.375 40.00000000002479
0.9750000000000001 0.4 40.000000000025345
0.9750000000000001 0.42500000000000004 40.00000000002589
0.9750000000000001 0.45 40.000000000026446
0.9750000000000001 0.47500000000000003 40.000000000026986
0.9750000000000001 0.5 40.00000000002755
0.9750000000000001 0.525 40.00000000002809
0.9750000000000001 0.55 40.000000000028635
0.9750000000000001 0.5750000000000001 40.00000000002919
0.9750000000000001 0.6000000000000001 40.000000000029736
0.9750000000000001 0.625 40.00000000003028
0.9750000000000001 0.65 40.00000000003083
0.9750000000000001 0.675 40.000000000031385
0.9750000000000001 0.7000000000000001 40.00000000003194
0.9750000000000001 0.7250000000000001 40.000000000032486
0.9750000000000001 0.75 40.00000000003303
0.9750000000000001 0.775 40.00000000003358
0.9750000000000001 0.8 40.00000000003413
0.9750000000000001 0.8250000000000001 40.00000000003468
0.9750000000000001 0.8500000000000001 40.00000000003523
0.9750000000000001 0.875 40.00000000003578
0.9750000000000001 0.9 40.00000000003632
0.9750000000000001 0.925 40.00000000003687
0.9750000000000001 0.9500000000000001 40.00000000003742
0.9750000000000001 0.9750000000000001 40.00000000003798
0.9750000000000001 1.0 40.000000000038526
1.0 0.0 40.00000000000534
1.0 0.025 40.0000000000051
1.0 0.05 40.00000000000486
1.0 0.07500000000000001 40.000000000004626
1.0 0.1 40.000000000004384
1.0 0.125 40.00000000000414
1.0 0.15000000000000002 40.0000000000039
1.0 0.17500000000000002 40.00000000000366
1.0 0.2 40.000000000003425
1.0 0.225 40.00000000000318
1.0 0.25 40.00000000000294
1.0 0.275 40.0000000000027
1.0 0.30000000000000004 40.00000000000246
1.0 0.325 40.000000000002224
1.0 0.35000000000000003 40.000000000001975
1.0 0.375 40.000000000001734
1.0 0.4 40.0000000000015
1.0 0.42500000000000004 40.00000000000126
1.0 0.45 40.00000000000102
1.0 0.47500000000000003 40.000000000000774
1.0 0.5 40.00000000000054
1.0 0.525 40.0000000000003
1.0 0.55 40.00000000000006
1.0 0.5750000000000001 39.999999999999815
1.0 0.6000000000000001 39.999999999999574
1.0 0.625 39.99999999999933
1.0 0.65 39.99999999999909
1.0 0.675 39.999999999998856
1.0 0.7000000000000001 39.999999999998614
1.0 0.7250000000000001 39.99999999999837
1.0 0.75 39.99999999999813
1.0 0.775 39.9999999999979
1.0 0.8 39.999999999997655
1.0 0.8250000000000001 39.999999999997414
1.0 0.8500000000000001 39.99999999999717
1.0 0.875 39.99999999999693
1.0 0.9 39.99999999999669
1.0 0.925 39.99999999999645
1.0 0.9500000000000001 39.999999999996206
1.0 0.9750000000000001 39.99999999999597
1.0 1.0 39.99999999999573