0.0 0.0 40.000000000454015
0.0 0.025 39.87500000044267
0.0 0.05 39.75000000043132
0.0 0.07500000000000001 39.62500000041998
0.0 0.1 39.500000000408626
0.0 0.125 39.37500000039728
0.0 0.15000000000000002 39.25000000038593
0.0 0.17500000000000002 39.12500000037459
0.0 0.2 39.000000000363244
0.0 0.225 38.875000000351896
0.0 0.25 38.75000000034055
0.0 0.275 38.625000000329194
0.0 0.30000000000000004 38.500000000317854
0.0 0.325 38.37500000030651
0.0 0.35000000000000003 38.25000000029516
0.0 0.375 38.12500000028381
0.0 0.4 38.000000000272465
0.0 0.42500000000000004 37.87500000026112
0.0 0.45 37.75000000024977
0.0 0.47500000000000003 37.62500000023842
0.0 0.5 37.500000000227075
0.0 0.525 37.375000000215735
0.0 0.55 37.25000000020438
0.0 0.5750000000000001 37.12500000019304
0.0 0.6000000000000001 37.00000000018169
0.0 0.625 36.875000000170346
0.0 0.65 36.750000000159
0.0 0.675 36.62500000014765
0.0 0.7000000000000001 36.5000000001363
0.0 0.7250000000000001 36.375000000124956
0.0 0.75 36.25000000011361
0.0 0.775 36.12500000010226
0.0 0.8 36.000000000090914
0.0 0.8250000000000001 35.875000000079574
0.0 0.8500000000000001 35.750000000068226
0.0 0.875 35.62500000005688
0.0 0.9 35.50000000004553
0.0 0.925 35.375000000034184
0.0 0.9500000000000001 35.25000000002284
0.0 0.9750000000000001 35.12500000001149
0.0 1.0 35.00000000000014
0.025 0.0 39.90416666710933
0.025 0.025 39.77916666709827
0.025 0.05 39.654166667087196
0.025 0.07500000000000001 39.52916666707615
0.025 0.1 39.40416666706508
0.025 0.125 39.279166667054014
0.025 0.15000000000000002 39.15416666704295
0.025 0.17500000000000002 39.02916666703189
0.025 0.2 38.90416666702083
0.025 0.225 38.77916666700976
0.025 0.25 38.6541666669987
0.025 0.275 38.529166666987635
0.025 0.30000000000000004 38.40416666697658
0.025 0.325 38.27916666696551
0.025 0.35000000000000003 38.15416666695444
0.025 0.375 38.02916666694338
0.025 0.4 37.90416666693232
0.025 0.42500000000000004 37.779166666921256
0.025 0.45 37.65416666691019
0.025 0.47500000000000003 37.52916666689913
0.025 0.5 37.40416666688807
0.025 0.525 37.279166666877
0.025 0.55 37.15416666686594
0.025 0.5750000000000001 37.02916666685488
0.025 0.6000000000000001 36.90416666684382
0.025 0.625 36.77916666683275
0.025 0.65 36.654166666821695
0.025 0.675 36.52916666681063
0.025 0.7000000000000001 36.40416666679956
0.025 0.7250000000000001 36.2791666667885
0.025 0.75 36.15416666677744
0.025 0.775 36.02916666676638
0.025 0.8 35.904166666755316
0.025 0.8250000000000001 35.77916666674425
0.025 0.8500000000000001 35.65416666673319
0.025 0.875 35.529166666722126
0.025 0.9 35.404166666711056
0.025 0.925 35.2791666667
0.025 0.9500000000000001 35.15416666668893
0.025 0.9750000000000001 35.02916666667787
0.025 1.0 34.904166666666804
0.05 0.0 39.808333333764644
0.05 0.025 39.683333333753865
0.05 0.05 39.55833333374309
0.05 0.07500000000000001 39.433333333732314
0.05 0.1 39.30833333372152
0.05 0.125 39.18333333371074
0.05 0.15000000000000002 39.05833333369997
0.05 0.17500000000000002 38.93333333368919
0.05 0.2 38.80833333367841
0.05 0.225 38.68333333366763
0.05 0.25 38.55833333365685
0.05 0.275 38.433333333646075
0.05 0.30000000000000004 38.3083333336353
0.05 0.325 38.18333333362451
0.05 0.35000000000000003 38.05833333361373
0.05 0.375 37.93333333360296
0.05 0.4 37.80833333359218
0.05 0.42500000000000004 37.683333333581395
0.05 0.45 37.55833333357062
0.05 0.47500000000000003 37.433333333559844
0.05 0.5 37.30833333354906
0.05 0.525 37.183333333538286
0.05 0.55 37.0583333335275
0.05 0.5750000000000001 36.93333333351673
0.05 0.6000000000000001 36.80833333350594
0.05 0.625 36.68333333349516
0.05 0.65 36.558333333484384
0.05 0.675 36.433333333473605
0.05 0.7000000000000001 36.308333333462826
0.05 0.7250000000000001 36.18333333345205
0.05 0.75 36.05833333344127
0.05 0.775 35.93333333343049
0.05 0.8 35.80833333341971
0.05 0.8250000000000001 35.68333333340893
0.05 0.8500000000000001 35.558333333398146
0.05 0.875 35.433333333387374
0.05 0.9 35.308333333376595
0.05 0.925 35.183333333365816
0.05 0.9500000000000001 35.05833333335503
0.05 0.9750000000000001 34.93333333334425
0.05 1.0 34.80833333333348
0.07500000000000001 0.0 39.712500000419965
0.07500000000000001 0.025 39.58750000040947
0.07500000000000001 0.05 39.462500000398975
0.07500000000000001 0.07500000000000001 39.33750000038848
0.07500000000000001 0.1 39.21250000037798
0.07500000000000001 0.125 39.08750000036749
0.07500000000000001 0.15000000000000002 38.96250000035699
0.07500000000000001 0.17500000000000002 38.837500000346495
0.07500000000000001 0.2 38.71250000033601
0.07500000000000001 0.225 38.587500000325505
0.07500000000000001 0.25 38.46250000031501
0.07500000000000001 0.275 38.337500000304516
0.07500000000000001 0.30000000000000004 38.21250000029402
0.07500000000000001 0.325 38.087500000283526
0.07500000000000001 0.35000000000000003 37.962500000273025
0.07500000000000001 0.375 37.83750000026254
0.07500000000000001 0.4 37.712500000252035
0.07500000000000001 0.42500000000000004 37.58750000024154
0.07500000000000001 0.45 37.462500000231046
0.07500000000000001 0.47500000000000003 37.337500000220544
0.07500000000000001 0.5 37.212500000210056
0.07500000000000001 0.525 37.08750000019956
0.07500000000000001 0.55 36.96250000018906
0.07500000000000001 0.5750000000000001 36.837500000178565
0.07500000000000001 0.6000000000000001 36.71250000016808
0.07500000000000001 0.625 36.587500000157576
0.07500000000000001 0.65 36.46250000014709
0.07500000000000001 0.675 36.337500000136586
0.07500000000000001 0.7000000000000001 36.21250000012609
0.07500000000000001 0.7250000000000001 36.0875000001156
0.07500000000000001 0.75 35.9625000001051
0.07500000000000001 0.775 35.8375000000946
0.07500000000000001 0.8 35.71250000008411
0.07500000000000001 0.8250000000000001 35.58750000007361
0.07500000000000001 0.8500000000000001 35.462500000063116
0.07500000000000001 0.875 35.33750000005262
0.07500000000000001 0.9 35.21250000004213
0.07500000000000001 0.925 35.08750000003163
0.07500000000000001 0.9500000000000001 34.96250000002114
0.07500000000000001 0.9750000000000001 34.83750000001064
0.07500000000000001 1.0 34.71250000000015
0.1 0.0 39.61666666707528
0.1 0.025 39.49166666706506
0.1 0.05 39.36666666705486
0.1 0.07500000000000001 39.24166666704465
0.1 0.1 39.11666666703443
0.1 0.125 38.99166666702422
0.1 0.15000000000000002 38.86666666701401
0.1 0.17500000000000002 38.7416666670038
0.1 0.2 38.61666666699359
0.1 0.225 38.49166666698338
0.1 0.25 38.36666666697316
0.1 0.275 38.241666666962956
0.1 0.30000000000000004 38.11666666695274
0.1 0.325 37.991666666942535
0.1 0.35000000000000003 37.86666666693231
0.1 0.375 37.7416666669221
0.1 0.4 37.6166666669119
0.1 0.42500000000000004 37.49166666690168
0.1 0.45 37.36666666689147
0.1 0.47500000000000003 37.24166666688126
0.1 0.5 37.11666666687104
0.1 0.525 36.99166666686084
0.1 0.55 36.86666666685062
0.1 0.5750000000000001 36.74166666684041
0.1 0.6000000000000001 36.6166666668302
0.1 0.625 36.49166666681998
0.1 0.65 36.36666666680978
0.1 0.675 36.24166666679956
0.1 0.7000000000000001 36.11666666678936
0.1 0.7250000000000001 35.99166666677914
0.1 0.75 35.86666666676893
0.1 0.775 35.74166666675872
0.1 0.8 35.61666666674851
0.1 0.8250000000000001 35.4916666667383
0.1 0.8500000000000001 35.36666666672808
0.1 0.875 35.24166666671787
0.1 0.9 35.11666666670766
0.1 0.925 34.99166666669745
0.1 0.9500000000000001 34.86666666668724
0.1 0.9750000000000001 34.74166666667702
0.1 1.0 34.61666666666681
0.125 0.0 39.52083333373059
0.125 0.025 39.39583333372067
0.125 0.05 39.27083333371073
0.125 0.07500000000000001 39.145833333700814
0.125 0.1 39.02083333369089
0.125 0.125 38.895833333680955
0.125 0.15000000000000002 38.770833333671035
0.125 0.17500000000000002 38.6458333336611
0.125 0.2 38.52083333365118
0.125 0.225 38.39583333364124
0.125 0.25 38.270833333631316
0.125 0.275 38.1458333336214
0.125 0.30000000000000004 38.02083333361146
0.125 0.325 37.89583333360154
0.125 0.35000000000000003 37.7708333335916
0.125 0.375 37.64583333358168
0.125 0.4 37.52083333357175
0.125 0.42500000000000004 37.39583333356182
0.125 0.45 37.2708333335519
0.125 0.47500000000000003 37.14583333354196
0.125 0.5 37.02083333353204
0.125 0.525 36.895833333522106
0.125 0.55 36.77083333351218
0.125 0.5750000000000001 36.64583333350225
0.125 0.6000000000000001 36.52083333349233
0.125 0.625 36.3958333334824
0.125 0.65 36.27083333347247
0.125 0.675 36.14583333346254
0.125 0.7000000000000001 36.020833333452615
0.125 0.7250000000000001 35.89583333344269
0.125 0.75 35.770833333432755
0.125 0.775 35.64583333342283
0.125 0.8 35.5208333334129
0.125 0.8250000000000001 35.395833333402976
0.125 0.8500000000000001 35.27083333339305
0.125 0.875 35.14583333338312
0.125 0.9 35.02083333337319
0.125 0.925 34.895833333363264
0.125 0.9500000000000001 34.77083333335334
0.125 0.9750000000000001 34.645833333343404
0.125 1.0 34.52083333333348
0.15000000000000002 0.0 39.42500000038591
0.15000000000000002 0.025 39.30000000037627
0.15000000000000002 0.05 39.175000000366616
0.15000000000000002 0.07500000000000001 39.05000000035698
0.15000000000000002 0.1 38.92500000034734
0.15000000000000002 0.125 38.80000000033769
0.15000000000000002 0.15000000000000002 38.67500000032805
0.15000000000000002 0.17500000000000002 38.550000000318406
0.15000000000000002 0.2 38.42500000030876
0.15000000000000002 0.225 38.300000000299114
0.15000000000000002 0.25 38.175000000289465
0.15000000000000002 0.275 38.05000000027982
0.15000000000000002 0.30000000000000004 37.92500000027018
0.15000000000000002 0.325 37.80000000026054
0.15000000000000002 0.35000000000000003 37.67500000025089
0.15000000000000002 0.375 37.550000000241255
0.15000000000000002 0.4 37.425000000231606
0.15000000000000002 0.42500000000000004 37.300000000221964
0.15000000000000002 0.45 37.17500000021232
0.15000000000000002 0.47500000000000003 37.05000000020267
0.15000000000000002 0.5 36.92500000019302
0.15000000000000002 0.525 36.80000000018338
0.15000000000000002 0.55 36.67500000017374
0.15000000000000002 0.5750000000000001 36.5500000001641
0.15000000000000002 0.6000000000000001 36.42500000015445
0.15000000000000002 0.625 36.300000000144806
0.15000000000000002 0.65 36.17500000013516
0.15000000000000002 0.675 36.05000000012552
0.15000000000000002 0.7000000000000001 35.92500000011588
0.15000000000000002 0.7250000000000001 35.80000000010623
0.15000000000000002 0.75 35.67500000009659
0.15000000000000002 0.775 35.55000000008694
0.15000000000000002 0.8 35.4250000000773
0.15000000000000002 0.8250000000000001 35.300000000067655
0.15000000000000002 0.8500000000000001 35.175000000058006
0.15000000000000002 0.875 35.05000000004837
0.15000000000000002 0.9 34.92500000003872
0.15000000000000002 0.925 34.80000000002908
0.15000000000000002 0.9500000000000001 34.67500000001943
0.15000000000000002 0.9750000000000001 34.55000000000979
0.15000000000000002 1.0 34.425000000000146
0.17500000000000002 0.0 39.32916666704123
0.17500000000000002 0.025 39.20416666703186
0.17500000000000002 0.05 39.079166667022506
0.17500000000000002 0.07500000000000001 38.95416666701314
0.17500000000000002 0.1 38.82916666700378
0.17500000000000002 0.125 38.704166666994425
0.17500000000000002 0.15000000000000002 38.57916666698507
0.17500000000000002 0.17500000000000002 38.45416666697571
0.17500000000000002 0.2 38.329166666966344
0.17500000000000002 0.225 38.204166666956986
0.17500000000000002 0.25 38.07916666694762
0.17500000000000002 0.275 37.95416666693826
0.17500000000000002 0.30000000000000004 37.829166666928906
0.17500000000000002 0.325 37.70416666691955
0.17500000000000002 0.35000000000000003 37.57916666691018
0.17500000000000002 0.375 37.45416666690082
0.17500000000000002 0.4 37.32916666689146
0.17500000000000002 0.42500000000000004 37.2041666668821
0.17500000000000002 0.45 37.07916666687274
0.17500000000000002 0.47500000000000003 36.95416666686337
0.17500000000000002 0.5 36.82916666685402
0.17500000000000002 0.525 36.70416666684466
0.17500000000000002 0.55 36.5791666668353
0.17500000000000002 0.5750000000000001 36.45416666682594
0.17500000000000002 0.6000000000000001 36.329166666816576
0.17500000000000002 0.625 36.20416666680722
0.17500000000000002 0.65 36.07916666679786
0.17500000000000002 0.675 35.954166666788495
0.17500000000000002 0.7000000000000001 35.82916666677914
0.17500000000000002 0.7250000000000001 35.70416666676977
0.17500000000000002 0.75 35.579166666760415
0.17500000000000002 0.775 35.45416666675106
0.17500000000000002 0.8 35.3291666667417
0.17500000000000002 0.8250000000000001 35.204166666732334
0.17500000000000002 0.8500000000000001 35.079166666722976
0.17500000000000002 0.875 34.95416666671361
0.17500000000000002 0.9 34.82916666670425
0.17500000000000002 0.925 34.70416666669489
0.17500000000000002 0.9500000000000001 34.57916666668553
0.17500000000000002 0.9750000000000001 34.45416666667617
0.17500000000000002 1.0 34.329166666666815
0.2 0.0 39.23333333369655
0.2 0.025 39.10833333368747
0.2 0.05 38.98333333367839
0.2 0.07500000000000001 38.858333333669314
0.2 0.1 38.73333333366024
0.2 0.125 38.60833333365117
0.2 0.15000000000000002 38.483333333642086
0.2 0.17500000000000002 38.35833333363301
0.2 0.2 38.23333333362393
0.2 0.225 38.10833333361486
0.2 0.25 37.98333333360578
0.2 0.275 37.8583333335967
0.2 0.30000000000000004 37.73333333358762
0.2 0.325 37.60833333357855
0.2 0.35000000000000003 37.48333333356947
0.2 0.375 37.358333333560395
0.2 0.4 37.233333333551315
0.2 0.42500000000000004 37.10833333354224
0.2 0.45 36.98333333353317
0.2 0.47500000000000003 36.85833333352409
0.2 0.5 36.73333333351501
0.2 0.525 36.60833333350594
0.2 0.55 36.48333333349686
0.2 0.5750000000000001 36.35833333348778
0.2 0.6000000000000001 36.23333333347871
0.2 0.625 36.10833333346963
0.2 0.65 35.98333333346055
0.2 0.675 35.85833333345147
0.2 0.7000000000000001 35.7333333334424
0.2 0.7250000000000001 35.60833333343332
0.2 0.75 35.483333333424255
0.2 0.775 35.358333333415175
0.2 0.8 35.233333333406094
0.2 0.8250000000000001 35.10833333339702
0.2 0.8500000000000001 34.98333333338795
0.2 0.875 34.858333333378866
0.2 0.9 34.73333333336979
0.2 0.925 34.60833333336071
0.2 0.9500000000000001 34.48333333335164
0.2 0.9750000000000001 34.35833333334256
0.2 1.0 34.23333333333348
0.225 0.0 39.137500000351864
0.225 0.025 39.01250000034306
0.225 0.05 38.88750000033427
0.225 0.07500000000000001 38.76250000032549
0.225 0.1 38.63750000031669
0.225 0.125 38.512500000307895
0.225 0.15000000000000002 38.3875000002991
0.225 0.17500000000000002 38.26250000029031
0.225 0.2 38.13750000028152
0.225 0.225 38.01250000027273
0.225 0.25 37.887500000263934
0.225 0.275 37.76250000025514
0.225 0.30000000000000004 37.63750000024635
0.225 0.325 37.51250000023755
0.225 0.35000000000000003 37.387500000228755
0.225 0.375 37.262500000219966
0.225 0.4 37.13750000021117
0.225 0.42500000000000004 37.01250000020238
0.225 0.45 36.8875000001936
0.225 0.47500000000000003 36.762500000184794
0.225 0.5 36.637500000176004
0.225 0.525 36.512500000167215
0.225 0.55 36.38750000015842
0.225 0.5750000000000001 36.26250000014963
0.225 0.6000000000000001 36.13750000014083
0.225 0.625 36.012500000132036
0.225 0.65 35.88750000012325
0.225 0.675 35.76250000011446
0.225 0.7000000000000001 35.63750000010566
0.225 0.7250000000000001 35.51250000009687
0.225 0.75 35.38750000008808
0.225 0.775 35.262500000079285
0.225 0.8 35.137500000070496
0.225 0.8250000000000001 35.01250000006169
0.225 0.8500000000000001 34.8875000000529
0.225 0.875 34.76250000004411
0.225 0.9 34.63750000003532
0.225 0.925 34.51250000002653
0.225 0.9500000000000001 34.38750000001774
0.225 0.9750000000000001 34.26250000000894
0.225 1.0 34.137500000000145
0.25 0.0 39.04166666700718
0.25 0.025 38.91666666699866
0.25 0.05 38.79166666699015
0.25 0.07500000000000001 38.66666666698165
0.25 0.1 38.54166666697314
0.25 0.125 38.41666666696463
0.25 0.15000000000000002 38.29166666695612
0.25 0.17500000000000002 38.16666666694761
0.25 0.2 38.0416666669391
0.25 0.225 37.91666666693059
0.25 0.25 37.79166666692208
0.25 0.275 37.66666666691357
0.25 0.30000000000000004 37.541666666905066
0.25 0.325 37.41666666689656
0.25 0.35000000000000003 37.29166666688804
0.25 0.375 37.166666666879536
0.25 0.4 37.04166666687103
0.25 0.42500000000000004 36.916666666862525
0.25 0.45 36.79166666685401
0.25 0.47500000000000003 36.6666666668455
0.25 0.5 36.541666666836996
0.25 0.525 36.41666666682849
0.25 0.55 36.29166666681998
0.25 0.5750000000000001 36.166666666811466
0.25 0.6000000000000001 36.04166666680296
0.25 0.625 35.916666666794455
0.25 0.65 35.79166666678594
0.25 0.675 35.66666666677743
0.25 0.7000000000000001 35.54166666676892
0.25 0.7250000000000001 35.41666666676041
0.25 0.75 35.29166666675191
0.25 0.775 35.166666666743396
0.25 0.8 35.04166666673489
0.25 0.8250000000000001 34.91666666672638
0.25 0.8500000000000001 34.79166666671787
0.25 0.875 34.66666666670936
0.25 0.9 34.54166666670085
0.25 0.925 34.41666666669234
0.25 0.9500000000000001 34.29166666668383
0.25 0.9750000000000001 34.166666666675326
0.25 1.0 34.04166666666681
0.275 0.0 38.94583333366249
0.275 0.025 38.820833333654264
0.275 0.05 38.695833333646036
0.275 0.07500000000000001 38.570833333637815
0.275 0.1 38.44583333362959
0.275 0.125 38.320833333621366
0.275 0.15000000000000002 38.19583333361314
0.275 0.17500000000000002 38.07083333360491
0.275 0.2 37.94583333359668
0.275 0.225 37.82083333358847
0.275 0.25 37.69583333358024
0.275 0.275 37.57083333357201
0.275 0.30000000000000004 37.44583333356379
0.275 0.325 37.32083333355556
0.275 0.35000000000000003 37.19583333354734
0.275 0.375 37.07083333353911
0.275 0.4 36.945833333530885
0.275 0.42500000000000004 36.82083333352266
0.275 0.45 36.695833333514436
0.275 0.47500000000000003 36.57083333350621
0.275 0.5 36.44583333349799
0.275 0.525 36.32083333348976
0.275 0.55 36.19583333348154
0.275 0.5750000000000001 36.07083333347331
0.275 0.6000000000000001 35.94583333346509
0.275 0.625 35.82083333345686
0.275 0.65 35.69583333344863
0.275 0.675 35.570833333440405
0.275 0.7000000000000001 35.445833333432184
0.275 0.7250000000000001 35.32083333342396
0.275 0.75 35.195833333415735
0.275 0.775 35.070833333407506
0.275 0.8 34.945833333399285
0.275 0.8250000000000001 34.82083333339106
0.275 0.8500000000000001 34.695833333382836
0.275 0.875 34.57083333337461
0.275 0.9 34.44583333336638
0.275 0.925 34.32083333335816
0.275 0.9500000000000001 34.195833333349924
0.275 0.9750000000000001 34.07083333334171
0.275 1.0 33.94583333333348
0.30000000000000004 0.0 38.850000000317806
0.30000000000000004 0.025 38.72500000030987
0.30000000000000004 0.05 38.60000000030192
0.30000000000000004 0.07500000000000001 38.47500000029399
0.30000000000000004 0.1 38.350000000286045
0.30000000000000004 0.125 38.2250000002781
0.30000000000000004 0.15000000000000002 38.100000000270164
0.30000000000000004 0.17500000000000002 37.97500000026221
0.30000000000000004 0.2 37.850000000254276
0.30000000000000004 0.225 37.72500000024633
0.30000000000000004 0.25 37.600000000238396
0.30000000000000004 0.275 37.47500000023045
0.30000000000000004 0.30000000000000004 37.35000000022251
0.30000000000000004 0.325 37.22500000021457
0.30000000000000004 0.35000000000000003 37.10000000020662
0.30000000000000004 0.375 36.97500000019868
0.30000000000000004 0.4 36.85000000019074
0.30000000000000004 0.42500000000000004 36.7250000001828
0.30000000000000004 0.45 36.60000000017486
0.30000000000000004 0.47500000000000003 36.475000000166915
0.30000000000000004 0.5 36.35000000015898
0.30000000000000004 0.525 36.225000000151034
0.30000000000000004 0.55 36.1000000001431
0.30000000000000004 0.5750000000000001 35.975000000135154
0.30000000000000004 0.6000000000000001 35.85000000012721
0.30000000000000004 0.625 35.725000000119266
0.30000000000000004 0.65 35.60000000011133
0.30000000000000004 0.675 35.475000000103385
0.30000000000000004 0.7000000000000001 35.35000000009545
0.30000000000000004 0.7250000000000001 35.225000000087505
0.30000000000000004 0.75 35.10000000007956
0.30000000000000004 0.775 34.97500000007162
0.30000000000000004 0.8 34.85000000006367
0.30000000000000004 0.8250000000000001 34.72500000005574
0.30000000000000004 0.8500000000000001 34.6000000000478
0.30000000000000004 0.875 34.475000000039856
0.30000000000000004 0.9 34.35000000003191
0.30000000000000004 0.925 34.225000000023975
0.30000000000000004 0.9500000000000001 34.10000000001603
0.30000000000000004 0.9750000000000001 33.97500000000809
0.30000000000000004 1.0 33.85000000000015
0.325 0.0 38.75416666697312
0.325 0.025 38.62916666696547
0.325 0.05 38.5041666669578
0.325 0.07500000000000001 38.379166666950155
0.325 0.1 38.254166666942496
0.325 0.125 38.129166666934836
0.325 0.15000000000000002 38.004166666927176
0.325 0.17500000000000002 37.879166666919524
0.325 0.2 37.75416666691187
0.325 0.225 37.62916666690421
0.325 0.25 37.50416666689655
0.325 0.275 37.37916666688889
0.325 0.30000000000000004 37.25416666688123
0.325 0.325 37.12916666687357
0.325 0.35000000000000003 37.00416666686591
0.325 0.375 36.87916666685826
0.325 0.4 36.7541666668506
0.325 0.42500000000000004 36.62916666684294
0.325 0.45 36.50416666683529
0.325 0.47500000000000003 36.37916666682763
0.325 0.5 36.25416666681997
0.325 0.525 36.12916666681232
0.325 0.55 36.00416666680465
0.325 0.5750000000000001 35.879166666797
0.325 0.6000000000000001 35.754166666789345
0.325 0.625 35.629166666781686
0.325 0.65 35.504166666774026
0.325 0.675 35.379166666766366
0.325 0.7000000000000001 35.25416666675871
0.325 0.7250000000000001 35.129166666751054
0.325 0.75 35.0041666667434
0.325 0.775 34.87916666673574
0.325 0.8 34.75416666672808
0.325 0.8250000000000001 34.62916666672042
0.325 0.8500000000000001 34.50416666671276
0.325 0.875 34.3791666667051
0.325 0.9 34.25416666669745
0.325 0.925 34.1291666666898
0.325 0.9500000000000001 34.00416666668213
0.325 0.9750000000000001 33.87916666667448
0.325 1.0 33.75416666666682
0.35000000000000003 0.0 38.658333333628434
0.35000000000000003 0.025 38.53333333362106
0.35000000000000003 0.05 38.40833333361368
0.35000000000000003 0.07500000000000001 38.283333333606315
0.35000000000000003 0.1 38.15833333359894
0.35000000000000003 0.125 38.033333333591564
0.35000000000000003 0.15000000000000002 37.908333333584196
0.35000000000000003 0.17500000000000002 37.78333333357682
0.35000000000000003 0.2 37.658333333569445
0.35000000000000003 0.225 37.53333333356207
0.35000000000000003 0.25 37.408333333554694
0.35000000000000003 0.275 37.283333333547326
0.35000000000000003 0.30000000000000004 37.15833333353994
0.35000000000000003 0.325 37.03333333353258
0.35000000000000003 0.35000000000000003 36.9083333335252
0.35000000000000003 0.375 36.78333333351783
0.35000000000000003 0.4 36.658333333510456
0.35000000000000003 0.42500000000000004 36.53333333350308
0.35000000000000003 0.45 36.40833333349571
0.35000000000000003 0.47500000000000003 36.28333333348833
0.35000000000000003 0.5 36.158333333480954
0.35000000000000003 0.525 36.03333333347358
0.35000000000000003 0.55 35.90833333346621
0.35000000000000003 0.5750000000000001 35.783333333458835
0.35000000000000003 0.6000000000000001 35.658333333451466
0.35000000000000003 0.625 35.53333333344409
0.35000000000000003 0.65 35.408333333436715
0.35000000000000003 0.675 35.28333333342934
0.35000000000000003 0.7000000000000001 35.158333333421965
0.35000000000000003 0.7250000000000001 35.03333333341459
0.35000000000000003 0.75 34.90833333340722
0.35000000000000003 0.775 34.783333333399845
0.35000000000000003 0.8 34.65833333339247
0.35000000000000003 0.8250000000000001 34.5333333333851
0.35000000000000003 0.8500000000000001 34.408333333377726
0.35000000000000003 0.875 34.28333333337035
0.35000000000000003 0.9 34.15833333336298
0.35000000000000003 0.925 34.03333333335561
0.35000000000000003 0.9500000000000001 33.90833333334823
0.35000000000000003 0.9750000000000001 33.783333333340856
0.35000000000000003 1.0 33.65833333333348
0.375 0.0 38.56250000028375
0.375 0.025 38.43750000027666
0.375 0.05 38.31250000026957
0.375 0.07500000000000001 38.18750000026249
0.375 0.1 38.06250000025539
0.375 0.125 37.937500000248306
0.375 0.15000000000000002 37.812500000241215
0.375 0.17500000000000002 37.687500000234124
0.375 0.2 37.56250000022703
0.375 0.225 37.43750000021994
0.375 0.25 37.31250000021285
0.375 0.275 37.18750000020576
0.375 0.30000000000000004 37.062500000198675
0.375 0.325 36.937500000191584
0.375 0.35000000000000003 36.8125000001845
0.375 0.375 36.6875000001774
0.375 0.4 36.56250000017032
0.375 0.42500000000000004 36.43750000016322
0.375 0.45 36.312500000156135
0.375 0.47500000000000003 36.18750000014904
0.375 0.5 36.06250000014195
0.375 0.525 35.93750000013486
0.375 0.55 35.81250000012778
0.375 0.5750000000000001 35.68750000012068
0.375 0.6000000000000001 35.562500000113594
0.375 0.625 35.437500000106496
0.375 0.65 35.31250000009941
0.375 0.675 35.18750000009233
0.375 0.7000000000000001 35.06250000008524
0.375 0.7250000000000001 34.93750000007814
0.375 0.75 34.812500000071054
0.375 0.775 34.68750000006396
0.375 0.8 34.56250000005687
0.375 0.8250000000000001 34.43750000004978
0.375 0.8500000000000001 34.31250000004269
0.375 0.875 34.1875000000356
0.375 0.9 34.06250000002851
0.375 0.925 33.93750000002142
0.375 0.9500000000000001 33.81250000001433
0.375 0.9750000000000001 33.68750000000724
0.375 1.0 33.562500000000156
0.4 0.0 38.46666666693907
0.4 0.025 38.341666666932255
0.4 0.05 38.216666666925455
0.4 0.07500000000000001 38.091666666918655
0.4 0.1 37.96666666691185
0.4 0.125 37.84166666690504
0.4 0.15000000000000002 37.716666666898234
0.4 0.17500000000000002 37.59166666689143
0.4 0.2 37.46666666688462
0.4 0.225 37.34166666687781
0.4 0.25 37.216666666871006
0.4 0.275 37.0916666668642
0.4 0.30000000000000004 36.96666666685739
0.4 0.325 36.84166666685059
0.4 0.35000000000000003 36.71666666684378
0.4 0.375 36.59166666683697
0.4 0.4 36.466666666830164
0.4 0.42500000000000004 36.34166666682336
0.4 0.45 36.21666666681656
0.4 0.47500000000000003 36.09166666680975
0.4 0.5 35.966666666802944
0.4 0.525 35.84166666679614
0.4 0.55 35.71666666678934
0.4 0.5750000000000001 35.59166666678252
0.4 0.6000000000000001 35.466666666775716
0.4 0.625 35.341666666768916
0.4 0.65 35.21666666676211
0.4 0.675 35.0916666667553
0.4 0.7000000000000001 34.966666666748495
0.4 0.7250000000000001 34.84166666674169
0.4 0.75 34.71666666673488
0.4 0.775 34.591666666728074
0.4 0.8 34.46666666672127
0.4 0.8250000000000001 34.34166666671446
0.4 0.8500000000000001 34.21666666670765
0.4 0.875 34.09166666670085
0.4 0.9 33.966666666694046
0.4 0.925 33.84166666668724
0.4 0.9500000000000001 33.71666666668044
0.4 0.9750000000000001 33.591666666673625
0.4 1.0 33.46666666666682
0.42500000000000004 0.0 38.37083333359438
0.42500000000000004 0.025 38.24583333358786
0.42500000000000004 0.05 38.12083333358134
0.42500000000000004 0.07500000000000001 37.99583333357482
0.42500000000000004 0.1 37.8708333335683
0.42500000000000004 0.125 37.74583333356177
0.42500000000000004 0.15000000000000002 37.620833333555254
0.42500000000000004 0.17500000000000002 37.495833333548724
0.42500000000000004 0.2 37.37083333354221
0.42500000000000004 0.225 37.245833333535685
0.42500000000000004 0.25 37.12083333352916
0.42500000000000004 0.275 36.99583333352264
0.42500000000000004 0.30000000000000004 36.87083333351612
0.42500000000000004 0.325 36.745833333509594
0.42500000000000004 0.35000000000000003 36.62083333350307
0.42500000000000004 0.375 36.49583333349655
0.42500000000000004 0.4 36.370833333490026
0.42500000000000004 0.42500000000000004 36.2458333334835
0.42500000000000004 0.45 36.12083333347698
0.42500000000000004 0.47500000000000003 35.99583333347046
0.42500000000000004 0.5 35.870833333463935
0.42500000000000004 0.525 35.74583333345741
0.42500000000000004 0.55 35.62083333345089
0.42500000000000004 0.5750000000000001 35.49583333344437
0.42500000000000004 0.6000000000000001 35.370833333437844
0.42500000000000004 0.625 35.24583333343133
0.42500000000000004 0.65 35.1208333334248
0.42500000000000004 0.675 34.995833333418275
0.42500000000000004 0.7000000000000001 34.87083333341175
0.42500000000000004 0.7250000000000001 34.74583333340523
0.42500000000000004 0.75 34.62083333339871
0.42500000000000004 0.775 34.49583333339219
0.42500000000000004 0.8 34.37083333338567
0.42500000000000004 0.8250000000000001 34.24583333337914
0.42500000000000004 0.8500000000000001 34.12083333337262
0.42500000000000004 0.875 33.99583333336609
0.42500000000000004 0.9 33.87083333335957
0.42500000000000004 0.925 33.745833333353055
0.42500000000000004 0.9500000000000001 33.62083333334653
0.42500000000000004 0.9750000000000001 33.49583333334001
0.42500000000000004 1.0 33.370833333333486
0.45 0.0 38.275000000249705
0.45 0.025 38.150000000243466
0.45 0.05 38.02500000023723
0.45 0.07500000000000001 37.90000000023099
0.45 0.1 37.77500000022475
0.45 0.125 37.65000000021851
0.45 0.15000000000000002 37.525000000212266
0.45 0.17500000000000002 37.40000000020603
0.45 0.2 37.275000000199796
0.45 0.225 37.15000000019356
0.45 0.25 37.02500000018732
0.45 0.275 36.90000000018107
0.45 0.30000000000000004 36.77500000017484
0.45 0.325 36.6500000001686
0.45 0.35000000000000003 36.52500000016236
0.45 0.375 36.40000000015612
0.45 0.4 36.27500000014989
0.45 0.42500000000000004 36.15000000014364
0.45 0.45 36.02500000013741
0.45 0.47500000000000003 35.900000000131165
0.45 0.5 35.77500000012493
0.45 0.525 35.65000000011869
0.45 0.55 35.525000000112456
0.45 0.5750000000000001 35.40000000010622
0.45 0.6000000000000001 35.27500000009997
0.45 0.625 35.15000000009374
0.45 0.65 35.0250000000875
0.45 0.675 34.90000000008126
0.45 0.7000000000000001 34.77500000007502
0.45 0.7250000000000001 34.650000000068786
0.45 0.75 34.52500000006255
0.45 0.775 34.40000000005631
0.45 0.8 34.27500000005006
0.45 0.8250000000000001 34.150000000043825
0.45 0.8500000000000001 34.025000000037586
0.45 0.875 33.90000000003135
0.45 0.9 33.775000000025116
0.45 0.925 33.65000000001887
0.45 0.9500000000000001 33.52500000001263
0.45 0.9750000000000001 33.40000000000639
0.45 1.0 33.275000000000155
0.47500000000000003 0.0 38.17916666690502
0.47500000000000003 0.025 38.05416666689906
0.47500000000000003 0.05 37.92916666689311
0.47500000000000003 0.07500000000000001 37.80416666688715
0.47500000000000003 0.1 37.679166666881194
0.47500000000000003 0.125 37.55416666687524
0.47500000000000003 0.15000000000000002 37.429166666869286
0.47500000000000003 0.17500000000000002 37.304166666863324
0.47500000000000003 0.2 37.17916666685737
0.47500000000000003 0.225 37.05416666685143
0.47500000000000003 0.25 36.92916666684546
0.47500000000000003 0.275 36.804166666839514
0.47500000000000003 0.30000000000000004 36.67916666683356
0.47500000000000003 0.325 36.554166666827605
0.47500000000000003 0.35000000000000003 36.429166666821644
0.47500000000000003 0.375 36.304166666815696
0.47500000000000003 0.4 36.179166666809735
0.47500000000000003 0.42500000000000004 36.05416666680378
0.47500000000000003 0.45 35.929166666797826
0.47500000000000003 0.47500000000000003 35.80416666679187
0.47500000000000003 0.5 35.67916666678592
0.47500000000000003 0.525 35.55416666677996
0.47500000000000003 0.55 35.42916666677401
0.47500000000000003 0.5750000000000001 35.304166666768054
0.47500000000000003 0.6000000000000001 35.1791666667621
0.47500000000000003 0.625 35.05416666675614
0.47500000000000003 0.65 34.929166666750184
0.47500000000000003 0.675 34.80416666674424
0.47500000000000003 0.7000000000000001 34.67916666673828
0.47500000000000003 0.7250000000000001 34.55416666673232
0.47500000000000003 0.75 34.42916666672637
0.47500000000000003 0.775 34.30416666672041
0.47500000000000003 0.8 34.17916666671446
0.47500000000000003 0.8250000000000001 34.054166666708504
0.47500000000000003 0.8500000000000001 33.92916666670255
0.47500000000000003 0.875 33.804166666696595
0.47500000000000003 0.9 33.67916666669064
0.47500000000000003 0.925 33.55416666668469
0.47500000000000003 0.9500000000000001 33.429166666678725
0.47500000000000003 0.9750000000000001 33.30416666667277
0.47500000000000003 1.0 33.179166666666816
0.5 0.0 38.08333333356033
0.5 0.025 37.958333333554656
0.5 0.05 37.83333333354899
0.5 0.07500000000000001 37.70833333354332
0.5 0.1 37.583333333537645
0.5 0.125 37.458333333531975
0.5 0.15000000000000002 37.33333333352631
0.5 0.17500000000000002 37.208333333520635
0.5 0.2 37.08333333351497
0.5 0.225 36.958333333509295
0.5 0.25 36.83333333350362
0.5 0.275 36.708333333497954
0.5 0.30000000000000004 36.58333333349228
0.5 0.325 36.45833333348661
0.5 0.35000000000000003 36.33333333348094
0.5 0.375 36.20833333347527
0.5 0.4 36.0833333334696
0.5 0.42500000000000004 35.95833333346392
0.5 0.45 35.833333333458256
0.5 0.47500000000000003 35.70833333345258
0.5 0.5 35.58333333344691
0.5 0.525 35.45833333344124
0.5 0.55 35.33333333343557
0.5 0.5750000000000001 35.2083333334299
0.5 0.6000000000000001 35.08333333342422
0.5 0.625 34.95833333341856
0.5 0.65 34.83333333341288
0.5 0.675 34.70833333340721
0.5 0.7000000000000001 34.58333333340154
0.5 0.7250000000000001 34.45833333339587
0.5 0.75 34.3333333333902
0.5 0.775 34.20833333338453
0.5 0.8 34.08333333337886
0.5 0.8250000000000001 33.95833333337319
0.5 0.8500000000000001 33.83333333336752
0.5 0.875 33.70833333336184
0.5 0.9 33.58333333335618
0.5 0.925 33.4583333333505
0.5 0.9500000000000001 33.333333333344825
0.5 0.9750000000000001 33.208333333339155
0.5 1.0 33.083333333333485
0.525 0.0 37.98750000021565
0.525 0.025 37.862500000210254
0.525 0.05 37.737500000204875
0.525 0.07500000000000001 37.61250000019949
0.525 0.1 37.4875000001941
0.525 0.125 37.36250000018871
0.525 0.15000000000000002 37.237500000183324
0.525 0.17500000000000002 37.11250000017794
0.525 0.2 36.98750000017256
0.525 0.225 36.86250000016717
0.525 0.25 36.73750000016177
0.525 0.275 36.61250000015639
0.525 0.30000000000000004 36.487500000151
0.525 0.325 36.362500000145616
0.525 0.35000000000000003 36.23750000014022
0.525 0.375 36.112500000134844
0.525 0.4 35.98750000012945
0.525 0.42500000000000004 35.86250000012406
0.525 0.45 35.73750000011868
0.525 0.47500000000000003 35.612500000113286
0.525 0.5 35.48750000010791
0.525 0.525 35.362500000102514
0.525 0.55 35.23750000009713
0.525 0.5750000000000001 35.11250000009174
0.525 0.6000000000000001 34.98750000008635
0.525 0.625 34.86250000008096
0.525 0.65 34.73750000007558
0.525 0.675 34.61250000007019
0.525 0.7000000000000001 34.487500000064806
0.525 0.7250000000000001 34.36250000005942
0.525 0.75 34.23750000005403
0.525 0.775 34.11250000004864
0.525 0.8 33.987500000043255
0.525 0.8250000000000001 33.86250000003787
0.525 0.8500000000000001 33.737500000032476
0.525 0.875 33.61250000002709
0.525 0.9 33.487500000021704
0.525 0.925 33.36250000001632
0.525 0.9500000000000001 33.237500000010925
0.525 0.9750000000000001 33.11250000000554
0.525 1.0 32.98750000000015
0.55 0.0 37.89166666687096
0.55 0.025 37.766666666865866
0.55 0.05 37.64166666686075
0.55 0.07500000000000001 37.516666666855656
0.55 0.1 37.39166666685054
0.55 0.125 37.266666666845445
0.55 0.15000000000000002 37.14166666684035
0.55 0.17500000000000002 37.016666666835235
0.55 0.2 36.89166666683014
0.55 0.225 36.76666666682504
0.55 0.25 36.64166666681993
0.55 0.275 36.51666666681483
0.55 0.30000000000000004 36.39166666680972
0.55 0.325 36.26666666680462
0.55 0.35000000000000003 36.14166666679951
0.55 0.375 36.016666666794414
0.55 0.4 35.891666666789305
0.55 0.42500000000000004 35.766666666784204
0.55 0.45 35.6416666667791
0.55 0.47500000000000003 35.51666666677399
0.55 0.5 35.39166666676889
0.55 0.525 35.26666666676379
0.55 0.55 35.14166666675869
0.55 0.5750000000000001 35.016666666753586
0.55 0.6000000000000001 34.89166666674848
0.55 0.625 34.766666666743376
0.55 0.65 34.641666666738274
0.55 0.675 34.51666666673317
0.55 0.7000000000000001 34.391666666728064
0.55 0.7250000000000001 34.266666666722955
0.55 0.75 34.14166666671785
0.55 0.775 34.01666666671275
0.55 0.8 33.89166666670765
0.55 0.8250000000000001 33.76666666670255
0.55 0.8500000000000001 33.641666666697446
0.55 0.875 33.51666666669234
0.55 0.9 33.391666666687236
0.55 0.925 33.266666666682134
0.55 0.9500000000000001 33.141666666677025
0.55 0.9750000000000001 33.016666666671924
0.55 1.0 32.89166666666682
0.5750000000000001 0.0 37.79583333352628
0.5750000000000001 0.025 37.67083333352146
0.5750000000000001 0.05 37.54583333351664
0.5750000000000001 0.07500000000000001 37.420833333511816
0.5750000000000001 0.1 37.295833333507
0.5750000000000001 0.125 37.17083333350218
0.5750000000000001 0.15000000000000002 37.04583333349736
0.5750000000000001 0.17500000000000002 36.920833333492546
0.5750000000000001 0.2 36.79583333348772
0.5750000000000001 0.225 36.6708333334829
0.5750000000000001 0.25 36.545833333478086
0.5750000000000001 0.275 36.42083333347326
0.5750000000000001 0.30000000000000004 36.295833333468444
0.5750000000000001 0.325 36.17083333346363
0.5750000000000001 0.35000000000000003 36.045833333458795
0.5750000000000001 0.375 35.920833333453984
0.5750000000000001 0.4 35.79583333344916
0.5750000000000001 0.42500000000000004 35.67083333344435
0.5750000000000001 0.45 35.54583333343953
0.5750000000000001 0.47500000000000003 35.4208333334347
0.5750000000000001 0.5 35.29583333342989
0.5750000000000001 0.525 35.170833333425065
0.5750000000000001 0.55 35.04583333342025
0.5750000000000001 0.5750000000000001 34.92083333341543
0.5750000000000001 0.6000000000000001 34.7958333334106
0.5750000000000001 0.625 34.67083333340579
0.5750000000000001 0.65 34.54583333340097
0.5750000000000001 0.675 34.420833333396146
0.5750000000000001 0.7000000000000001 34.29583333339133
0.5750000000000001 0.7250000000000001 34.17083333338651
0.5750000000000001 0.75 34.04583333338169
0.5750000000000001 0.775 33.92083333337686
0.5750000000000001 0.8 33.795833333372045
0.5750000000000001 0.8250000000000001 33.67083333336723
0.5750000000000001 0.8500000000000001 33.54583333336241
0.5750000000000001 0.875 33.42083333335759
0.5750000000000001 0.9 33.29583333335277
0.5750000000000001 0.925 33.17083333334795
0.5750000000000001 0.9500000000000001 33.045833333343126
0.5750000000000001 0.9750000000000001 32.920833333338315
0.5750000000000001 1.0 32.79583333333349
0.6000000000000001 0.0 37.700000000181596
0.6000000000000001 0.025 37.575000000177056
0.6000000000000001 0.05 37.45000000017252
0.6000000000000001 0.07500000000000001 37.325000000168
0.6000000000000001 0.1 37.200000000163456
0.6000000000000001 0.125 37.075000000158916
0.6000000000000001 0.15000000000000002 36.950000000154375
0.6000000000000001 0.17500000000000002 36.82500000014984
0.6000000000000001 0.2 36.70000000014531
0.6000000000000001 0.225 36.575000000140776
0.6000000000000001 0.25 36.45000000013624
0.6000000000000001 0.275 36.3250000001317
0.6000000000000001 0.30000000000000004 36.20000000012716
0.6000000000000001 0.325 36.07500000012263
0.6000000000000001 0.35000000000000003 35.95000000011809
0.6000000000000001 0.375 35.825000000113555
0.6000000000000001 0.4 35.70000000010902
0.6000000000000001 0.42500000000000004 35.57500000010448
0.6000000000000001 0.45 35.45000000009995
0.6000000000000001 0.47500000000000003 35.32500000009541
0.6000000000000001 0.5 35.200000000090874
0.6000000000000001 0.525 35.07500000008634
0.6000000000000001 0.55 34.9500000000818
0.6000000000000001 0.5750000000000001 34.82500000007727
0.6000000000000001 0.6000000000000001 34.700000000072734
0.6000000000000001 0.625 34.5750000000682
0.6000000000000001 0.65 34.45000000006366
0.6000000000000001 0.675 34.32500000005913
0.6000000000000001 0.7000000000000001 34.200000000054594
0.6000000000000001 0.7250000000000001 34.07500000005005
0.6000000000000001 0.75 33.95000000004552
0.6000000000000001 0.775 33.82500000004099
0.6000000000000001 0.8 33.70000000003645
0.6000000000000001 0.8250000000000001 33.57500000003191
0.6000000000000001 0.8500000000000001 33.45000000002737
0.6000000000000001 0.875 33.32500000002284
0.6000000000000001 0.9 33.2000000000183
0.6000000000000001 0.925 33.075000000013766
0.6000000000000001 0.9500000000000001 32.950000000009226
0.6000000000000001 0.9750000000000001 32.82500000000469
0.6000000000000001 1.0 32.70000000000016
0.625 0.0 37.60416666683692
0.625 0.025 37.479166666832654
0.625 0.05 37.354166666828405
0.625 0.07500000000000001 37.22916666682416
0.625 0.1 37.1041666668199
0.625 0.125 36.97916666681565
0.625 0.15000000000000002 36.854166666811395
0.625 0.17500000000000002 36.729166666807146
0.625 0.2 36.6041666668029
0.625 0.225 36.47916666679865
0.625 0.25 36.35416666679439
0.625 0.275 36.229166666790135
0.625 0.30000000000000004 36.10416666678588
0.625 0.325 35.97916666678164
0.625 0.35000000000000003 35.85416666677738
0.625 0.375 35.729166666773125
0.625 0.4 35.604166666768876
0.625 0.42500000000000004 35.47916666676463
0.625 0.45 35.35416666676037
0.625 0.47500000000000003 35.22916666675612
0.625 0.5 35.10416666675187
0.625 0.525 34.979166666747616
0.625 0.55 34.85416666674336
0.625 0.5750000000000001 34.72916666673911
0.625 0.6000000000000001 34.60416666673486
0.625 0.625 34.479166666730606
0.625 0.65 34.35416666672636
0.625 0.675 34.2291666667221
0.625 0.7000000000000001 34.104166666717845
0.625 0.7250000000000001 33.979166666713596
0.625 0.75 33.85416666670935
0.625 0.775 33.7291666667051
0.625 0.8 33.60416666670084
0.625 0.8250000000000001 33.479166666696585
0.625 0.8500000000000001 33.354166666692336
0.625 0.875 33.22916666668809
0.625 0.9 33.10416666668383
0.625 0.925 32.97916666667958
0.625 0.9500000000000001 32.854166666675326
0.625 0.9750000000000001 32.72916666667108
0.625 1.0 32.60416666666683
0.65 0.0 37.508333333492224
0.65 0.025 37.38333333348826
0.65 0.05 37.258333333484295
0.65 0.07500000000000001 37.13333333348032
0.65 0.1 37.00833333347635
0.65 0.125 36.883333333472386
0.65 0.15000000000000002 36.758333333468414
0.65 0.17500000000000002 36.63333333346445
0.65 0.2 36.50833333346048
0.65 0.225 36.38333333345651
0.65 0.25 36.25833333345255
0.65 0.275 36.133333333448576
0.65 0.30000000000000004 36.008333333444604
0.65 0.325 35.88333333344064
0.65 0.35000000000000003 35.75833333343667
0.65 0.375 35.6333333334327
0.65 0.4 35.50833333342873
0.65 0.42500000000000004 35.38333333342476
0.65 0.45 35.2583333334208
0.65 0.47500000000000003 35.13333333341683
0.65 0.5 35.008333333412864
0.65 0.525 34.88333333340889
0.65 0.55 34.75833333340492
0.65 0.5750000000000001 34.633333333400955
0.65 0.6000000000000001 34.50833333339698
0.65 0.625 34.38333333339302
0.65 0.65 34.25833333338905
0.65 0.675 34.133333333385075
0.65 0.7000000000000001 34.00833333338112
0.65 0.7250000000000001 33.883333333377145
0.65 0.75 33.75833333337317
0.65 0.775 33.63333333336921
0.65 0.8 33.508333333365236
0.65 0.8250000000000001 33.38333333336127
0.65 0.8500000000000001 33.2583333333573
0.65 0.875 33.133333333353335
0.65 0.9 33.00833333334937
0.65 0.925 32.8833333333454
0.65 0.9500000000000001 32.758333333341426
0.65 0.9750000000000001 32.63333333333746
0.65 1.0 32.508333333333496
0.675 0.0 37.412500000147546
0.675 0.025 37.287500000143865
0.675 0.05 37.16250000014017
0.675 0.07500000000000001 37.0375000001365
0.675 0.1 36.9125000001328
0.675 0.125 36.78750000012912
0.675 0.15000000000000002 36.662500000125426
0.675 0.17500000000000002 36.53750000012175
0.675 0.2 36.412500000118065
0.675 0.225 36.287500000114385
0.675 0.25 36.162500000110704
0.675 0.275 36.037500000107016
0.675 0.30000000000000004 35.91250000010333
0.675 0.325 35.78750000009965
0.675 0.35000000000000003 35.66250000009596
0.675 0.375 35.53750000009227
0.675 0.4 35.41250000008859
0.675 0.42500000000000004 35.287500000084904
0.675 0.45 35.162500000081224
0.675 0.47500000000000003 35.037500000077536
0.675 0.5 34.91250000007385
0.675 0.525 34.78750000007017
0.675 0.55 34.66250000006648
0.675 0.5750000000000001 34.5375000000628
0.675 0.6000000000000001 34.41250000005911
0.675 0.625 34.28750000005543
0.675 0.65 34.162500000051736
0.675 0.675 34.03750000004806
0.675 0.7000000000000001 33.912500000044375
0.675 0.7250000000000001 33.78750000004069
0.675 0.75 33.66250000003701
0.675 0.775 33.53750000003332
0.675 0.8 33.41250000002963
0.675 0.8250000000000001 33.28750000002596
0.675 0.8500000000000001 33.16250000002227
0.675 0.875 33.03750000001858
0.675 0.9 32.912500000014894
0.675 0.925 32.787500000011214
0.675 0.9500000000000001 32.66250000000753
0.675 0.9750000000000001 32.537500000003845
0.675 1.0 32.41250000000016
0.7000000000000001 0.0 37.31666666680286
0.7000000000000001 0.025 37.191666666799456
0.7000000000000001 0.05 37.06666666679605
0.7000000000000001 0.07500000000000001 36.941666666792656
0.7000000000000001 0.1 36.81666666678926
0.7000000000000001 0.125 36.691666666785856
0.7000000000000001 0.15000000000000002 36.56666666678245
0.7000000000000001 0.17500000000000002 36.44166666677905
0.7000000000000001 0.2 36.31666666677565
0.7000000000000001 0.225 36.19166666677226
0.7000000000000001 0.25 36.066666666768846
0.7000000000000001 0.275 35.94166666676545
0.7000000000000001 0.30000000000000004 35.816666666762046
0.7000000000000001 0.325 35.69166666675866
0.7000000000000001 0.35000000000000003 35.56666666675524
0.7000000000000001 0.375 35.44166666675185
0.7000000000000001 0.4 35.316666666748446
0.7000000000000001 0.42500000000000004 35.19166666674504
0.7000000000000001 0.45 35.06666666674165
0.7000000000000001 0.47500000000000003 34.94166666673824
0.7000000000000001 0.5 34.81666666673484
0.7000000000000001 0.525 34.69166666673144
0.7000000000000001 0.55 34.56666666672804
0.7000000000000001 0.5750000000000001 34.44166666672464
0.7000000000000001 0.6000000000000001 34.31666666672125
0.7000000000000001 0.625 34.191666666717836
0.7000000000000001 0.65 34.06666666671444
0.7000000000000001 0.675 33.941666666711036
0.7000000000000001 0.7000000000000001 33.81666666670763
0.7000000000000001 0.7250000000000001 33.691666666704236
0.7000000000000001 0.75 33.56666666670083
0.7000000000000001 0.775 33.44166666669744
0.7000000000000001 0.8 33.31666666669403
0.7000000000000001 0.8250000000000001 33.19166666669063
0.7000000000000001 0.8500000000000001 33.066666666687226
0.7000000000000001 0.875 32.94166666668383
0.7000000000000001 0.9 32.81666666668043
0.7000000000000001 0.925 32.69166666667703
0.7000000000000001 0.9500000000000001 32.566666666673626
0.7000000000000001 0.9750000000000001 32.44166666667023
0.7000000000000001 1.0 32.316666666666826
0.7250000000000001 0.0 37.220833333458174
0.7250000000000001 0.025 37.095833333455055
0.7250000000000001 0.05 36.97083333345194
0.7250000000000001 0.07500000000000001 36.84583333344883
0.7250000000000001 0.1 36.72083333344571
0.7250000000000001 0.125 36.59583333344259
0.7250000000000001 0.15000000000000002 36.47083333343948
0.7250000000000001 0.17500000000000002 36.345833333436346
0.7250000000000001 0.2 36.22083333343324
0.7250000000000001 0.225 36.09583333343012
0.7250000000000001 0.25 35.970833333427
0.7250000000000001 0.275 35.84583333342388
0.7250000000000001 0.30000000000000004 35.72083333342077
0.7250000000000001 0.325 35.59583333341766
0.7250000000000001 0.35000000000000003 35.47083333341453
0.7250000000000001 0.375 35.34583333341142
0.7250000000000001 0.4 35.2208333334083
0.7250000000000001 0.42500000000000004 35.09583333340519
0.7250000000000001 0.45 34.97083333340207
0.7250000000000001 0.47500000000000003 34.84583333339895
0.7250000000000001 0.5 34.72083333339583
0.7250000000000001 0.525 34.59583333339272
0.7250000000000001 0.55 34.4708333333896
0.7250000000000001 0.5750000000000001 34.34583333338648
0.7250000000000001 0.6000000000000001 34.22083333338337
0.7250000000000001 0.625 34.09583333338025
0.7250000000000001 0.65 33.97083333337713
0.7250000000000001 0.675 33.84583333337402
0.7250000000000001 0.7000000000000001 33.7208333333709
0.7250000000000001 0.7250000000000001 33.59583333336778
0.7250000000000001 0.75 33.470833333364666
0.7250000000000001 0.775 33.345833333361554
0.7250000000000001 0.8 33.220833333358435
0.7250000000000001 0.8250000000000001 33.095833333355316
0.7250000000000001 0.8500000000000001 32.970833333352196
0.7250000000000001 0.875 32.845833333349084
0.7250000000000001 0.9 32.720833333345965
0.7250000000000001 0.925 32.595833333342846
0.7250000000000001 0.9500000000000001 32.470833333339726
0.7250000000000001 0.9750000000000001 32.345833333336614
0.7250000000000001 1.0 32.220833333333495
0.75 0.0 37.12500000011349
0.75 0.025 37.00000000011066
0.75 0.05 36.87500000010782
0.75 0.07500000000000001 36.75000000010499
0.75 0.1 36.62500000010216
0.75 0.125 36.50000000009933
0.75 0.15000000000000002 36.37500000009649
0.75 0.17500000000000002 36.25000000009366
0.75 0.2 36.12500000009083
0.75 0.225 36.000000000087994
0.75 0.25 35.87500000008516
0.75 0.275 35.750000000082316
0.75 0.30000000000000004 35.625000000079496
0.75 0.325 35.50000000007667
0.75 0.35000000000000003 35.375000000073825
0.75 0.375 35.25000000007099
0.75 0.4 35.125000000068155
0.75 0.42500000000000004 35.00000000006533
0.75 0.45 34.87500000006249
0.75 0.47500000000000003 34.75000000005966
0.75 0.5 34.62500000005683
0.75 0.525 34.500000000053994
0.75 0.55 34.37500000005116
0.75 0.5750000000000001 34.25000000004833
0.75 0.6000000000000001 34.125000000045496
0.75 0.625 34.00000000004266
0.75 0.65 33.875000000039826
0.75 0.675 33.75000000003699
0.75 0.7000000000000001 33.62500000003416
0.75 0.7250000000000001 33.50000000003133
0.75 0.75 33.37500000002849
0.75 0.775 33.250000000025665
0.75 0.8 33.12500000002283
0.75 0.8250000000000001 33.000000000019995
0.75 0.8500000000000001 32.87500000001716
0.75 0.875 32.750000000014325
0.75 0.9 32.6250000000115
0.75 0.925 32.50000000000866
0.75 0.9500000000000001 32.37500000000583
0.75 0.9750000000000001 32.250000000003
0.75 1.0 32.12500000000016
0.775 0.0 37.02916666676881
0.775 0.025 36.90416666676625
0.775 0.05 36.77916666676371
0.775 0.07500000000000001 36.65416666676116
0.775 0.1 36.529166666758606
0.775 0.125 36.40416666675606
0.775 0.15000000000000002 36.27916666675351
0.775 0.17500000000000002 36.15416666675096
0.775 0.2 36.02916666674841
0.775 0.225 35.904166666745866
0.775 0.25 35.779166666743315
0.775 0.275 35.654166666740764
0.775 0.30000000000000004 35.52916666673821
0.775 0.325 35.40416666673567
0.775 0.35000000000000003 35.27916666673311
0.775 0.375 35.15416666673057
0.775 0.4 35.02916666672802
0.775 0.42500000000000004 34.904166666725466
0.775 0.45 34.77916666672292
0.775 0.47500000000000003 34.654166666720364
0.775 0.5 34.52916666671782
0.775 0.525 34.40416666671527
0.775 0.55 34.27916666671272
0.775 0.5750000000000001 34.15416666671017
0.775 0.6000000000000001 34.029166666707624
0.775 0.625 33.90416666670507
0.775 0.65 33.77916666670252
0.775 0.675 33.654166666699965
0.775 0.7000000000000001 33.52916666669742
0.775 0.7250000000000001 33.40416666669488
0.775 0.75 33.279166666692326
0.775 0.775 33.154166666689775
0.775 0.8 33.029166666687225
0.775 0.8250000000000001 32.904166666684674
0.775 0.8500000000000001 32.77916666668212
0.775 0.875 32.65416666667957
0.775 0.9 32.52916666667703
0.775 0.925 32.40416666667448
0.775 0.9500000000000001 32.27916666667193
0.775 0.9750000000000001 32.15416666666938
0.775 1.0 32.029166666666825
0.8 0.0 36.93333333342412
0.8 0.025 36.80833333342185
0.8 0.05 36.68333333341959
0.8 0.07500000000000001 36.55833333341732
0.8 0.1 36.433333333415064
0.8 0.125 36.30833333341279
0.8 0.15000000000000002 36.18333333341053
0.8 0.17500000000000002 36.058333333408264
0.8 0.2 35.933333333406004
0.8 0.225 35.80833333340374
0.8 0.25 35.68333333340147
0.8 0.275 35.5583333333992
0.8 0.30000000000000004 35.43333333339693
0.8 0.325 35.30833333339467
0.8 0.35000000000000003 35.1833333333924
0.8 0.375 35.05833333339013
0.8 0.4 34.93333333338788
0.8 0.42500000000000004 34.808333333385605
0.8 0.45 34.683333333383345
0.8 0.47500000000000003 34.55833333338107
0.8 0.5 34.43333333337881
0.8 0.525 34.30833333337654
0.8 0.55 34.18333333337428
0.8 0.5750000000000001 34.05833333337201
0.8 0.6000000000000001 33.933333333369745
0.8 0.625 33.80833333336748
0.8 0.65 33.68333333336521
0.8 0.675 33.558333333362945
0.8 0.7000000000000001 33.433333333360686
0.8 0.7250000000000001 33.30833333335842
0.8 0.75 33.18333333335615
0.8 0.775 33.058333333353886
0.8 0.8 32.93333333335163
0.8 0.8250000000000001 32.80833333334935
0.8 0.8500000000000001 32.68333333334709
0.8 0.875 32.55833333334483
0.8 0.9 32.43333333334256
0.8 0.925 32.30833333334029
0.8 0.9500000000000001 32.18333333333803
0.8 0.9750000000000001 32.05833333333576
0.8 1.0 31.933333333333493
0.8250000000000001 0.0 36.83750000007944
0.8250000000000001 0.025 36.712500000077455
0.8250000000000001 0.05 36.58750000007547
0.8250000000000001 0.07500000000000001 36.4625000000735
0.8250000000000001 0.1 36.337500000071515
0.8250000000000001 0.125 36.212500000069525
0.8250000000000001 0.15000000000000002 36.08750000006755
0.8250000000000001 0.17500000000000002 35.96250000006557
0.8250000000000001 0.2 35.837500000063585
0.8250000000000001 0.225 35.7125000000616
0.8250000000000001 0.25 35.58750000005962
0.8250000000000001 0.275 35.46250000005763
0.8250000000000001 0.30000000000000004 35.337500000055655
0.8250000000000001 0.325 35.21250000005368
0.8250000000000001 0.35000000000000003 35.0875000000517
0.8250000000000001 0.375 34.96250000004971
0.8250000000000001 0.4 34.83750000004773
0.8250000000000001 0.42500000000000004 34.71250000004575
0.8250000000000001 0.45 34.58750000004377
0.8250000000000001 0.47500000000000003 34.46250000004178
0.8250000000000001 0.5 34.3375000000398
0.8250000000000001 0.525 34.212500000037814
0.8250000000000001 0.55 34.08750000003583
0.8250000000000001 0.5750000000000001 33.962500000033856
0.8250000000000001 0.6000000000000001 33.83750000003187
0.8250000000000001 0.625 33.71250000002989
0.8250000000000001 0.65 33.58750000002791
0.8250000000000001 0.675 33.462500000025926
0.8250000000000001 0.7000000000000001 33.337500000023944
0.8250000000000001 0.7250000000000001 33.21250000002196
0.8250000000000001 0.75 33.08750000001998
0.8250000000000001 0.775 32.962500000018
0.8250000000000001 0.8 32.83750000001602
0.8250000000000001 0.8250000000000001 32.71250000001403
0.8250000000000001 0.8500000000000001 32.58750000001206
0.8250000000000001 0.875 32.46250000001007
0.8250000000000001 0.9 32.33750000000809
0.8250000000000001 0.925 32.21250000000611
0.8250000000000001 0.9500000000000001 32.08750000000413
0.8250000000000001 0.9750000000000001 31.962500000002144
0.8250000000000001 1.0 31.837500000000162
0.8500000000000001 0.0 36.74166666673476
0.8500000000000001 0.025 36.61666666673306
0.8500000000000001 0.05 36.49166666673136
0.8500000000000001 0.07500000000000001 36.366666666729664
0.8500000000000001 0.1 36.24166666672796
0.8500000000000001 0.125 36.11666666672626
0.8500000000000001 0.15000000000000002 35.99166666672456
0.8500000000000001 0.17500000000000002 35.866666666722864
0.8500000000000001 0.2 35.74166666672117
0.8500000000000001 0.225 35.616666666719475
0.8500000000000001 0.25 35.49166666671778
0.8500000000000001 0.275 35.366666666716085
0.8500000000000001 0.30000000000000004 35.24166666671437
0.8500000000000001 0.325 35.11666666671268
0.8500000000000001 0.35000000000000003 34.99166666671098
0.8500000000000001 0.375 34.86666666670928
0.8500000000000001 0.4 34.74166666670759
0.8500000000000001 0.42500000000000004 34.61666666670589
0.8500000000000001 0.45 34.49166666670419
0.8500000000000001 0.47500000000000003 34.366666666702486
0.8500000000000001 0.5 34.241666666700795
0.8500000000000001 0.525 34.116666666699096
0.8500000000000001 0.55 33.9916666666974
0.8500000000000001 0.5750000000000001 33.8666666666957
0.8500000000000001 0.6000000000000001 33.741666666694
0.8500000000000001 0.625 33.6166666666923
0.8500000000000001 0.65 33.491666666690605
0.8500000000000001 0.675 33.36666666668891
0.8500000000000001 0.7000000000000001 33.2416666666872
0.8500000000000001 0.7250000000000001 33.11666666668551
0.8500000000000001 0.75 32.99166666668381
0.8500000000000001 0.775 32.866666666682114
0.8500000000000001 0.8 32.741666666680416
0.8500000000000001 0.8250000000000001 32.61666666667872
0.8500000000000001 0.8500000000000001 32.49166666667702
0.8500000000000001 0.875 32.36666666667532
0.8500000000000001 0.9 32.24166666667362
0.8500000000000001 0.925 32.116666666671925
0.8500000000000001 0.9500000000000001 31.991666666670227
0.8500000000000001 0.9750000000000001 31.86666666666853
0.8500000000000001 1.0 31.74166666666683
0.875 0.0 36.64583333339007
0.875 0.025 36.52083333338866
0.875 0.05 36.39583333338724
0.875 0.07500000000000001 36.27083333338583
0.875 0.1 36.14583333338441
0.875 0.125 36.020833333382996
0.875 0.15000000000000002 35.89583333338159
0.875 0.17500000000000002 35.77083333338017
0.875 0.2 35.64583333337876
0.875 0.225 35.52083333337735
0.875 0.25 35.39583333337593
0.875 0.275 35.27083333337452
0.875 0.30000000000000004 35.1458333333731
0.875 0.325 35.02083333337169
0.875 0.35000000000000003 34.89583333337027
0.875 0.375 34.770833333368856
0.875 0.4 34.64583333336744
0.875 0.42500000000000004 34.52083333336603
0.875 0.45 34.395833333364614
0.875 0.47500000000000003 34.27083333336319
0.875 0.5 34.145833333361786
0.875 0.525 34.02083333336037
0.875 0.55 33.89583333335895
0.875 0.5750000000000001 33.770833333357544
0.875 0.6000000000000001 33.64583333335613
0.875 0.625 33.520833333354716
0.875 0.65 33.3958333333533
0.875 0.675 33.27083333335189
0.875 0.7000000000000001 33.14583333335047
0.875 0.7250000000000001 33.02083333334906
0.875 0.75 32.89583333334764
0.875 0.775 32.770833333346225
0.875 0.8 32.64583333334481
0.875 0.8250000000000001 32.5208333333434
0.875 0.8500000000000001 32.39583333334199
0.875 0.875 32.27083333334057
0.875 0.9 32.14583333333915
0.875 0.925 32.02083333333774
0.875 0.9500000000000001 31.895833333336327
0.875 0.9750000000000001 31.770833333334913
0.875 1.0 31.6458333333335
0.9 0.0 36.55000000004539
0.9 0.025 36.42500000004425
0.9 0.05 36.30000000004312
0.9 0.07500000000000001 36.175000000042
0.9 0.1 36.05000000004087
0.9 0.125 35.92500000003973
0.9 0.15000000000000002 35.80000000003861
0.9 0.17500000000000002 35.67500000003747
0.9 0.2 35.55000000003635
0.9 0.225 35.42500000003521
0.9 0.25 35.30000000003408
0.9 0.275 35.17500000003295
0.9 0.30000000000000004 35.05000000003182
0.9 0.325 34.92500000003069
0.9 0.35000000000000003 34.800000000029556
0.9 0.375 34.675000000028426
0.9 0.4 34.5500000000273
0.9 0.42500000000000004 34.425000000026166
0.9 0.45 34.30000000002504
0.9 0.47500000000000003 34.17500000002391
0.9 0.5 34.05000000002278
0.9 0.525 33.92500000002164
0.9 0.55 33.80000000002051
0.9 0.5750000000000001 33.67500000001938
0.9 0.6000000000000001 33.55000000001825
0.9 0.625 33.42500000001712
0.9 0.65 33.30000000001599
0.9 0.675 33.17500000001486
0.9 0.7000000000000001 33.05000000001373
0.9 0.7250000000000001 32.9250000000126
0.9 0.75 32.80000000001147
0.9 0.775 32.67500000001034
0.9 0.8 32.550000000009206
0.9 0.8250000000000001 32.425000000008076
0.9 0.8500000000000001 32.300000000006946
0.9 0.875 32.17500000000582
0.9 0.9 32.05000000000469
0.9 0.925 31.925000000003553
0.9 0.9500000000000001 31.800000000002427
0.9 0.9750000000000001 31.67500000000129
0.9 1.0 31.550000000000168
0.925 0.0 36.4541666667007
0.925 0.025 36.32916666669985
0.925 0.05 36.20416666669901
0.925 0.07500000000000001 36.079166666698164
0.925 0.1 35.95416666669732
0.925 0.125 35.829166666696466
0.925 0.15000000000000002 35.70416666669563
0.925 0.17500000000000002 35.57916666669477
0.925 0.2 35.45416666669393
0.925 0.225 35.329166666693084
0.925 0.25 35.20416666669223
0.925 0.275 35.079166666691386
0.925 0.30000000000000004 34.95416666669054
0.925 0.325 34.8291666666897
0.925 0.35000000000000003 34.70416666668884
0.925 0.375 34.579166666687996
0.925 0.4 34.45416666668715
0.925 0.42500000000000004 34.329166666686305
0.925 0.45 34.20416666668546
0.925 0.47500000000000003 34.079166666684614
0.925 0.5 33.95416666668377
0.925 0.525 33.829166666682916
0.925 0.55 33.70416666668208
0.925 0.5750000000000001 33.57916666668123
0.925 0.6000000000000001 33.45416666668038
0.925 0.625 33.329166666679534
0.925 0.65 33.20416666667869
0.925 0.675 33.07916666667784
0.925 0.7000000000000001 32.95416666667699
0.925 0.7250000000000001 32.82916666667615
0.925 0.75 32.7041666666753
0.925 0.775 32.57916666667445
0.925 0.8 32.45416666667361
0.925 0.8250000000000001 32.329166666672755
0.925 0.8500000000000001 32.20416666667191
0.925 0.875 32.07916666667107
0.925 0.9 31.95416666667022
0.925 0.925 31.829166666669373
0.925 0.9500000000000001 31.704166666668527
0.925 0.9750000000000001 31.57916666666768
0.925 1.0 31.45416666666683
0.9500000000000001 0.0 36.358333333356015
0.9500000000000001 0.025 36.23333333335546
0.9500000000000001 0.05 36.10833333335489
0.9500000000000001 0.07500000000000001 35.98333333335433
0.9500000000000001 0.1 35.85833333335376
0.9500000000000001 0.125 35.7333333333532
0.9500000000000001 0.15000000000000002 35.60833333335264
0.9500000000000001 0.17500000000000002 35.48333333335207
0.9500000000000001 0.2 35.35833333335152
0.9500000000000001 0.225 35.233333333350956
0.9500000000000001 0.25 35.10833333335039
0.9500000000000001 0.275 34.98333333334982
0.9500000000000001 0.30000000000000004 34.85833333334926
0.9500000000000001 0.325 34.7333333333487
0.9500000000000001 0.35000000000000003 34.608333333348135
0.9500000000000001 0.375 34.483333333347574
0.9500000000000001 0.4 34.35833333334701
0.9500000000000001 0.42500000000000004 34.23333333334645
0.9500000000000001 0.45 34.10833333334589
0.9500000000000001 0.47500000000000003 33.98333333334532
0.9500000000000001 0.5 33.85833333334476
0.9500000000000001 0.525 33.73333333334419
0.9500000000000001 0.55 33.60833333334364
0.9500000000000001 0.5750000000000001 33.48333333334307
0.9500000000000001 0.6000000000000001 33.35833333334251
0.9500000000000001 0.625 33.23333333334194
0.9500000000000001 0.65 33.10833333334138
0.9500000000000001 0.675 32.98333333334082
0.9500000000000001 0.7000000000000001 32.858333333340255
0.9500000000000001 0.7250000000000001 32.733333333339694
0.9500000000000001 0.75 32.60833333333913
0.9500000000000001 0.775 32.48333333333857
0.9500000000000001 0.8 32.358333333338
0.9500000000000001 0.8250000000000001 32.23333333333744
0.9500000000000001 0.8500000000000001 32.10833333333687
0.9500000000000001 0.875 31.983333333336315
0.9500000000000001 0.9 31.85833333333575
0.9500000000000001 0.925 31.733333333335192
0.9500000000000001 0.9500000000000001 31.608333333334624
0.9500000000000001 0.9750000000000001 31.48333333333406
0.9500000000000001 1.0 31.358333333333498
0.9750000000000001 0.0 36.262500000011336
0.9750000000000001 0.025 36.13750000001106
0.9750000000000001 0.05 36.012500000010775
0.9750000000000001 0.07500000000000001 35.88750000001049
0.9750000000000001 0.1 35.76250000001021
0.9750000000000001 0.125 35.637500000009936
0.9750000000000001 0.15000000000000002 35.51250000000966
0.9750000000000001 0.17500000000000002 35.38750000000938
0.9750000000000001 0.2 35.262500000009105
0.9750000000000001 0.225 35.13750000000882
0.9750000000000001 0.25 35.012500000008544
0.9750000000000001 0.275 34.88750000000827
0.9750000000000001 0.30000000000000004 34.76250000000799
0.9750000000000001 0.325 34.637500000007705
0.9750000000000001 0.35000000000000003 34.51250000000742
0.9750000000000001 0.375 34.387500000007144
0.9750000000000001 0.4 34.26250000000687
0.9750000000000001 0.42500000000000004 34.13750000000659
0.9750000000000001 0.45 34.01250000000631
0.9750000000000001 0.47500000000000003 33.88750000000603
0.9750000000000001 0.5 33.76250000000575
0.9750000000000001 0.525 33.637500000005474
0.9750000000000001 0.55 33.51250000000519
0.9750000000000001 0.5750000000000001 33.38750000000491
0.9750000000000001 0.6000000000000001 33.262500000004636
0.9750000000000001 0.625 33.13750000000435
0.9750000000000001 0.65 33.012500000004074
0.9750000000000001 0.675 32.8875000000038
0.9750000000000001 0.7000000000000001 32.76250000000351
0.9750000000000001 0.7250000000000001 32.637500000003236
0.9750000000000001 0.75 32.51250000000296
0.9750000000000001 0.775 32.38750000000268
0.9750000000000001 0.8 32.2625000000024
0.9750000000000001 0.8250000000000001 32.13750000000212
0.9750000000000001 0.8500000000000001 32.01250000000184
0.9750000000000001 0.875 31.887500000001562
0.9750000000000001 0.9 31.762500000001282
0.9750000000000001 0.925 31.637500000001
0.9750000000000001 0.9500000000000001 31.512500000000724
0.9750000000000001 0.9750000000000001 31.387500000000447
0.9750000000000001 1.0 31.262500000000166
1.0 0.0 36.16666666666665
1.0 0.025 36.04166666666665
1.0 0.05 35.91666666666666
1.0 0.07500000000000001 35.791666666666664
1.0 0.1 35.666666666666664
1.0 0.125 35.54166666666667
1.0 0.15000000000000002 35.41666666666668
1.0 0.17500000000000002 35.29166666666668
1.0 0.2 35.16666666666669
1.0 0.225 35.04166666666669
1.0 0.25 34.91666666666669
1.0 0.275 34.7916666666667
1.0 0.30000000000000004 34.6666666666667
1.0 0.325 34.541666666666714
1.0 0.35000000000000003 34.416666666666714
1.0 0.375 34.29166666666672
1.0 0.4 34.16666666666672
1.0 0.42500000000000004 34.04166666666673
1.0 0.45 33.916666666666735
1.0 0.47500000000000003 33.791666666666735
1.0 0.5 33.66666666666674
1.0 0.525 33.54166666666674
1.0 0.55 33.41666666666676
1.0 0.5750000000000001 33.29166666666676
1.0 0.6000000000000001 33.16666666666676
1.0 0.625 33.041666666666764
1.0 0.65 32.91666666666677
1.0 0.675 32.79166666666677
1.0 0.7000000000000001 32.66666666666678
1.0 0.7250000000000001 32.541666666666785
1.0 0.75 32.41666666666679
1.0 0.775 32.29166666666679
1.0 0.8 32.1666666666668
1.0 0.8250000000000001 32.0416666666668
1.0 0.8500000000000001 31.916666666666806
1.0 0.875 31.791666666666814
1.0 0.9 31.666666666666817
1.0 0.925 31.54166666666682
1.0 0.9500000000000001 31.416666666666824
1.0 0.9750000000000001 31.291666666666828
1.0 1.0 31.166666666666835
