action all_utility value
[0 0 0 0 0 0 0 0] all_utility 12.686618558235995
[0 0 0 0 0 0 0 1] all_utility 12.686588840798228
[0 0 0 0 0 0 1 0] all_utility 12.686606076325885
[0 0 0 0 0 0 1 1] all_utility 12.68659942825245
[0 0 0 0 0 1 0 0] all_utility 12.804931842457018
[0 0 0 0 0 1 0 1] all_utility 12.804913468739493
[0 0 0 0 0 1 1 0] all_utility 22.80491422557048
[0 0 0 0 0 1 1 1] all_utility 22.80493930480124
[0 0 0 0 1 0 0 0] all_utility 12.686595052048181
[0 0 0 0 1 0 0 1] all_utility 12.686611862425044
[0 0 0 0 1 0 1 0] all_utility 12.68662394951786
[0 0 0 0 1 0 1 1] all_utility 12.686630466499883
[0 0 0 0 1 1 0 0] all_utility 12.804959482526826
[0 0 0 0 1 1 0 1] all_utility 12.80491970995731
[0 0 0 0 1 1 1 0] all_utility 22.804930278752526
[0 0 0 0 1 1 1 1] all_utility 22.80495606141901
[0 0 0 1 0 0 0 0] all_utility 12.83851971279394
[0 0 0 1 0 0 0 1] all_utility 12.838500143456745
[0 0 0 1 0 0 1 0] all_utility 12.838523721379955
[0 0 0 1 0 0 1 1] all_utility 12.838505720418205
[0 0 0 1 0 1 0 0] all_utility 12.95686761814359
[0 0 0 1 0 1 0 1] all_utility 12.956851732916975
[0 0 0 1 0 1 1 0] all_utility 22.95682519138715
[0 0 0 1 0 1 1 1] all_utility 22.95684929409095
[0 0 0 1 1 0 0 0] all_utility 12.692689661390562
[0 0 0 1 1 0 0 1] all_utility 12.692699572802827
[0 0 0 1 1 0 1 0] all_utility 12.692681901543407
[0 0 0 1 1 0 1 1] all_utility 12.692719597207832
[0 0 0 1 1 1 0 0] all_utility 12.81101555044205
[0 0 0 1 1 1 0 1] all_utility 12.811003296259694
[0 0 0 1 1 1 1 0] all_utility 22.811003274570037
[0 0 0 1 1 1 1 1] all_utility 22.811011770766967
[0 0 1 0 0 0 0 0] all_utility 12.586056133605897
[0 0 1 0 0 0 0 1] all_utility 12.586069368378784
[0 0 1 0 0 0 1 0] all_utility 12.58603132571687
[0 0 1 0 0 0 1 1] all_utility 12.586012931296528
[0 0 1 0 0 1 0 0] all_utility 12.704361127371241
[0 0 1 0 0 1 0 1] all_utility 12.704318175760314
[0 0 1 0 0 1 1 0] all_utility 22.70436558428434
[0 0 1 0 0 1 1 1] all_utility 22.7043593594896
[0 0 1 0 1 0 0 0] all_utility 12.586062801369986
[0 0 1 0 1 0 0 1] all_utility 12.58605402062155
[0 0 1 0 1 0 1 0] all_utility 12.585967225306248
[0 0 1 0 1 0 1 1] all_utility 12.586066351782351
[0 0 1 0 1 1 0 0] all_utility 12.704334034618377
[0 0 1 0 1 1 0 1] all_utility 12.704383244996707
[0 0 1 0 1 1 1 0] all_utility 22.7043726529988
[0 0 1 0 1 1 1 1] all_utility 22.704356427874345
[0 0 1 1 0 0 0 0] all_utility 12.737930722258163
[0 0 1 1 0 0 0 1] all_utility 12.737951550071976
[0 0 1 1 0 0 1 0] all_utility 12.73796370236749
[0 0 1 1 0 0 1 1] all_utility 12.73793611062928
[0 0 1 1 0 1 0 0] all_utility 12.856235067276437
[0 0 1 1 0 1 0 1] all_utility 12.856284447713668
[0 0 1 1 0 1 1 0] all_utility 22.85631243348595
[0 0 1 1 0 1 1 1] all_utility 22.856275052572844
[0 0 1 1 1 0 0 0] all_utility 12.592147538658098
[0 0 1 1 1 0 0 1] all_utility 12.59213254648399
[0 0 1 1 1 0 1 0] all_utility 12.592126638901922
[0 0 1 1 1 0 1 1] all_utility 12.59208564854835
[0 0 1 1 1 1 0 0] all_utility 12.71042473839347
[0 0 1 1 1 1 0 1] all_utility 12.710471598167537
[0 0 1 1 1 1 1 0] all_utility 22.710456287459344
[0 0 1 1 1 1 1 1] all_utility 22.71046986760279
[0 1 0 0 0 0 0 0] all_utility 11.093525893719587
[0 1 0 0 0 0 0 1] all_utility 11.093531159515203
[0 1 0 0 0 0 1 0] all_utility 11.093535326410088
[0 1 0 0 0 0 1 1] all_utility 11.093556833930469
[0 1 0 0 0 1 0 0] all_utility 11.211884883294614
[0 1 0 0 0 1 0 1] all_utility 11.211839663515448
[0 1 0 0 0 1 1 0] all_utility 21.211870469606772
[0 1 0 0 0 1 1 1] all_utility 21.211863482126528
[0 1 0 0 1 0 0 0] all_utility 11.093525945713091
[0 1 0 0 1 0 0 1] all_utility 11.093544127104778
[0 1 0 0 1 0 1 0] all_utility 11.093513187531396
[0 1 0 0 1 0 1 1] all_utility 11.093550793759409
[0 1 0 0 1 1 0 0] all_utility 11.211833711307605
[0 1 0 0 1 1 0 1] all_utility 11.211859470857025
[0 1 0 0 1 1 1 0] all_utility 21.2118346764381
[0 1 0 0 1 1 1 1] all_utility 21.211867230122696
[0 1 0 1 0 0 0 0] all_utility 11.24546434677511
[0 1 0 1 0 0 0 1] all_utility 11.245444671044869
[0 1 0 1 0 0 1 0] all_utility 11.245447783447995
[0 1 0 1 0 0 1 1] all_utility 11.245446888445246
[0 1 0 1 0 1 0 0] all_utility 11.363804653213798
[0 1 0 1 0 1 0 1] all_utility 11.363749672944031
[0 1 0 1 0 1 1 0] all_utility 21.36376383448912
[0 1 0 1 0 1 1 1] all_utility 21.36376406418772
[0 1 0 1 1 0 0 0] all_utility 11.099642660837038
[0 1 0 1 1 0 0 1] all_utility 11.099602016542
[0 1 0 1 1 0 1 0] all_utility 11.099614870169534
[0 1 0 1 1 0 1 1] all_utility 11.099603668271989
[0 1 0 1 1 1 0 0] all_utility 11.217931084378877
[0 1 0 1 1 1 0 1] all_utility 11.217954756884117
[0 1 0 1 1 1 1 0] all_utility 21.21794220268177
[0 1 0 1 1 1 1 1] all_utility 21.217912732174398
[0 1 1 0 0 0 0 0] all_utility 10.892331860097608
[0 1 1 0 0 0 0 1] all_utility 10.892373722857759
[0 1 1 0 0 0 1 0] all_utility 10.89230139397125
[0 1 1 0 0 0 1 1] all_utility 10.892376116569903
[0 1 1 0 0 1 0 0] all_utility 11.010686170894157
[0 1 1 0 0 1 0 1] all_utility 11.010644769207628
[0 1 1 0 0 1 1 0] all_utility 21.010694765703697
[0 1 1 0 0 1 1 1] all_utility 21.010643107304215
[0 1 1 0 1 0 0 0] all_utility 10.892344656086854
[0 1 1 0 1 0 0 1] all_utility 10.892339224209751
[0 1 1 0 1 0 1 0] all_utility 10.892324704066603
[0 1 1 0 1 0 1 1] all_utility 10.892347225441124
[0 1 1 0 1 1 0 0] all_utility 11.010653509112059
[0 1 1 0 1 1 0 1] all_utility 11.010641121441473
[0 1 1 0 1 1 1 0] all_utility 21.010643784960152
[0 1 1 0 1 1 1 1] all_utility 21.010616637629482
[0 1 1 1 0 0 0 0] all_utility 11.044283220952513
[0 1 1 1 0 0 0 1] all_utility 11.044266377913761
[0 1 1 1 0 0 1 0] all_utility 11.04426741457213
[0 1 1 1 0 0 1 1] all_utility 11.044265254623257
[0 1 1 1 0 1 0 0] all_utility 11.162550631319498
[0 1 1 1 0 1 0 1] all_utility 11.162568356350073
[0 1 1 1 0 1 1 0] all_utility 21.16258763515864
[0 1 1 1 0 1 1 1] all_utility 21.162542076749503
[0 1 1 1 1 0 0 0] all_utility 10.898388506024666
[0 1 1 1 1 0 0 1] all_utility 10.898437138449165
[0 1 1 1 1 0 1 0] all_utility 10.898414971295942
[0 1 1 1 1 0 1 1] all_utility 10.898398938499904
[0 1 1 1 1 1 0 0] all_utility 11.016768795691004
[0 1 1 1 1 1 0 1] all_utility 11.016700801799963
[0 1 1 1 1 1 1 0] all_utility 21.01670973512929
[0 1 1 1 1 1 1 1] all_utility 21.016693898442618
[1 0 0 0 0 0 0 0] all_utility 14.633245758682502
[1 0 0 0 0 0 0 1] all_utility 14.63124284167321
[1 0 0 0 0 0 1 0] all_utility 14.632928950929893
[1 0 0 0 0 0 1 1] all_utility 14.631841175952164
[1 0 0 0 0 1 0 0] all_utility 14.751503437704258
[1 0 0 0 0 1 0 1] all_utility 14.749169617864554
[1 0 0 0 0 1 1 0] all_utility 24.750404410413232
[1 0 0 0 0 1 1 1] all_utility 24.75097571897531
[1 0 0 0 1 0 0 0] all_utility 14.631534904481514
[1 0 0 0 1 0 0 1] all_utility 14.631633400886948
[1 0 0 0 1 0 1 0] all_utility 14.633116335124091
[1 0 0 0 1 0 1 1] all_utility 14.633821678996444
[1 0 0 0 1 1 0 0] all_utility 14.749633864544542
[1 0 0 0 1 1 0 1] all_utility 14.75089728539418
[1 0 0 0 1 1 1 0] all_utility 24.750016288254344
[1 0 0 0 1 1 1 1] all_utility 24.751161077179678
[1 0 0 1 0 0 0 0] all_utility 14.78386265148049
[1 0 0 1 0 0 0 1] all_utility 14.784433775559727
[1 0 0 1 0 0 1 0] all_utility 14.78476004121202
[1 0 0 1 0 0 1 1] all_utility 14.783435652593333
[1 0 0 1 0 1 0 0] all_utility 14.902486687458419
[1 0 0 1 0 1 0 1] all_utility 14.902004818218039
[1 0 0 1 0 1 1 0] all_utility 24.90147051469937
[1 0 0 1 0 1 1 1] all_utility 24.901430933925333
[1 0 0 1 1 0 0 0] all_utility 14.638524525584765
[1 0 0 1 1 0 0 1] all_utility 14.639833679254373
[1 0 0 1 1 0 1 0] all_utility 14.639084734397926
[1 0 0 1 1 0 1 1] all_utility 14.636792125333166
[1 0 0 1 1 1 0 0] all_utility 14.756153077339109
[1 0 0 1 1 1 0 1] all_utility 14.757812333920675
[1 0 0 1 1 1 1 0] all_utility 24.755553588974962
[1 0 0 1 1 1 1 1] all_utility 24.756352638226858
[1 0 1 0 0 0 0 0] all_utility 14.531283446635952
[1 0 1 0 0 0 0 1] all_utility 14.531702944035288
[1 0 1 0 0 0 1 0] all_utility 14.530773351576338
[1 0 1 0 0 0 1 1] all_utility 14.532915853771193
[1 0 1 0 0 1 0 0] all_utility 14.648950201013102
[1 0 1 0 0 1 0 1] all_utility 14.649890623600706
[1 0 1 0 0 1 1 0] all_utility 24.648662787997846
[1 0 1 0 0 1 1 1] all_utility 24.651204652890264
[1 0 1 0 1 0 0 0] all_utility 14.530901885532403
[1 0 1 0 1 0 0 1] all_utility 14.530160767280895
[1 0 1 0 1 0 1 0] all_utility 14.533489276258475
[1 0 1 0 1 0 1 1] all_utility 14.532732023184495
[1 0 1 0 1 1 0 0] all_utility 14.648371076800572
[1 0 1 0 1 1 0 1] all_utility 14.648708392505945
[1 0 1 0 1 1 1 0] all_utility 24.651012679493515
[1 0 1 0 1 1 1 1] all_utility 24.648055029834676
[1 0 1 1 0 0 0 0] all_utility 14.683663727708623
[1 0 1 1 0 0 0 1] all_utility 14.682115566171367
[1 0 1 1 0 0 1 0] all_utility 14.683577250864548
[1 0 1 1 0 0 1 1] all_utility 14.682341370976328
[1 0 1 1 0 1 0 0] all_utility 14.801647634713179
[1 0 1 1 0 1 0 1] all_utility 14.802653634829287
[1 0 1 1 0 1 1 0] all_utility 24.80277933215678
[1 0 1 1 0 1 1 1] all_utility 24.80052888531965
[1 0 1 1 1 0 0 0] all_utility 14.537986999426543
[1 0 1 1 1 0 0 1] all_utility 14.537474334607749
[1 0 1 1 1 0 1 0] all_utility 14.536710966749967
[1 0 1 1 1 0 1 1] all_utility 14.539047052682065
[1 0 1 1 1 1 0 0] all_utility 14.655567494333878
[1 0 1 1 1 1 0 1] all_utility 14.658215714526271
[1 0 1 1 1 1 1 0] all_utility 24.65713864445612
[1 0 1 1 1 1 1 1] all_utility 24.656234490265152
[1 1 0 0 0 0 0 0] all_utility 14.732533289684739
[1 1 0 0 0 0 0 1] all_utility 14.731902406573479
[1 1 0 0 0 0 1 0] all_utility 14.732327467896177
[1 1 0 0 0 0 1 1] all_utility 14.731145629046974
[1 1 0 0 0 1 0 0] all_utility 14.849119229896782
[1 1 0 0 0 1 0 1] all_utility 14.85088817653799
[1 1 0 0 0 1 1 0] all_utility 24.849193961726225
[1 1 0 0 0 1 1 1] all_utility 24.851859637921113
[1 1 0 0 1 0 0 0] all_utility 14.731322657662234
[1 1 0 0 1 0 0 1] all_utility 14.73309532052785
[1 1 0 0 1 0 1 0] all_utility 14.732527340076615
[1 1 0 0 1 0 1 1] all_utility 14.731821233937328
[1 1 0 0 1 1 0 0] all_utility 14.850874205123452
[1 1 0 0 1 1 0 1] all_utility 14.851496469236793
[1 1 0 0 1 1 1 0] all_utility 24.851197042643236
[1 1 0 0 1 1 1 1] all_utility 24.850199359791063
[1 1 0 1 0 0 0 0] all_utility 14.882490525891209
[1 1 0 1 0 0 0 1] all_utility 14.88207433595312
[1 1 0 1 0 0 1 0] all_utility 14.883308368081199
[1 1 0 1 0 0 1 1] all_utility 14.883383482036228
[1 1 0 1 0 1 0 0] all_utility 14.999572328831427
[1 1 0 1 0 1 0 1] all_utility 15.004609699991331
[1 1 0 1 0 1 1 0] all_utility 25.00094367607889
[1 1 0 1 0 1 1 1] all_utility 25.003953658903114
[1 1 0 1 1 0 0 0] all_utility 14.739539265938573
[1 1 0 1 1 0 0 1] all_utility 14.737241415414307
[1 1 0 1 1 0 1 0] all_utility 14.738445459040072
[1 1 0 1 1 0 1 1] all_utility 14.738472310173298
[1 1 0 1 1 1 0 0] all_utility 14.85485548632291
[1 1 0 1 1 1 0 1] all_utility 14.855567610081891
[1 1 0 1 1 1 1 0] all_utility 24.85689689064509
[1 1 0 1 1 1 1 1] all_utility 24.85495828856058
[1 1 1 0 0 0 0 0] all_utility 14.531782879417044
[1 1 1 0 0 0 0 1] all_utility 14.530200738256626
[1 1 1 0 0 0 1 0] all_utility 14.529511810731881
[1 1 1 0 0 0 1 1] all_utility 14.53277066793536
[1 1 1 0 0 1 0 0] all_utility 14.646901455064965
[1 1 1 0 0 1 0 1] all_utility 14.64824933259648
[1 1 1 0 0 1 1 0] all_utility 24.64830660579888
[1 1 1 0 0 1 1 1] all_utility 24.649574887206672
[1 1 1 0 1 0 0 0] all_utility 14.529362046569604
[1 1 1 0 1 0 0 1] all_utility 14.532768992926597
[1 1 1 0 1 0 1 0] all_utility 14.531143746985357
[1 1 1 0 1 0 1 1] all_utility 14.532625791571531
[1 1 1 0 1 1 0 0] all_utility 14.647661439602457
[1 1 1 0 1 1 0 1] all_utility 14.647571227033852
[1 1 1 0 1 1 1 0] all_utility 24.648102705722092
[1 1 1 0 1 1 1 1] all_utility 24.64756242753797
[1 1 1 1 0 0 0 0] all_utility 14.68136684014501
[1 1 1 1 0 0 0 1] all_utility 14.681719880228805
[1 1 1 1 0 0 1 0] all_utility 14.68249548159026
[1 1 1 1 0 0 1 1] all_utility 14.682317431336322
[1 1 1 1 0 1 0 0] all_utility 14.801194902944
[1 1 1 1 0 1 0 1] all_utility 14.80008972028555
[1 1 1 1 0 1 1 0] all_utility 24.800970898314816
[1 1 1 1 0 1 1 1] all_utility 24.800634514223233
[1 1 1 1 1 0 0 0] all_utility 14.537288507619836
[1 1 1 1 1 0 0 1] all_utility 14.537909598389108
[1 1 1 1 1 0 1 0] all_utility 14.536333471858708
[1 1 1 1 1 0 1 1] all_utility 14.536313271727169
[1 1 1 1 1 1 0 0] all_utility 14.655536183546818
[1 1 1 1 1 1 0 1] all_utility 14.65552319559738
[1 1 1 1 1 1 1 0] all_utility 24.65664870308843
[1 1 1 1 1 1 1 1] all_utility 24.65513722374594