(1.5858273197794992, 1.5858273197794992, 1.5858273197794992, 1.5858273197794992, 1.5858273197794992, 1.5858273197794992, 1.5858273197794992, 1.5858273197794992)
(1.5858236050997783, 1.5858236050997783, 1.5858236050997783, 1.5858236050997783, 1.5858236050997783, 1.5858236050997783, 1.5858236050997783, 1.5858236050997783)
(1.5858257595407355, 1.5858257595407355, 1.5858257595407355, 1.5858257595407355, 1.5858257595407355, 1.5858257595407355, 1.5858257595407355, 1.5858257595407355)
(1.5858249285315562, 1.5858249285315562, 1.5858249285315562, 1.5858249285315562, 1.5858249285315562, 1.5858249285315562, 1.5858249285315562, 1.5858249285315562)
(1.6006164803071272, 1.6006164803071272, 1.6006164803071272, 1.6006164803071272, 1.6006164803071272, 1.6006164803071272, 1.6006164803071272, 1.6006164803071272)
(1.6006141835924366, 1.6006141835924366, 1.6006141835924366, 1.6006141835924366, 1.6006141835924366, 1.6006141835924366, 1.6006141835924366, 1.6006141835924366)
(2.8506142781963097, 2.8506142781963097, 2.8506142781963097, 2.8506142781963097, 2.8506142781963097, 2.8506142781963097, 2.8506142781963097, 2.8506142781963097)
(2.850617413100155, 2.850617413100155, 2.850617413100155, 2.850617413100155, 2.850617413100155, 2.850617413100155, 2.850617413100155, 2.850617413100155)
(1.5858243815060225, 1.5858243815060225, 1.5858243815060225, 1.5858243815060225, 1.5858243815060225, 1.5858243815060225, 1.5858243815060225, 1.5858243815060225)
(1.5858264828031308, 1.5858264828031308, 1.5858264828031308, 1.5858264828031308, 1.5858264828031308, 1.5858264828031308, 1.5858264828031308, 1.5858264828031308)
(1.5858279936897326, 1.5858279936897326, 1.5858279936897326, 1.5858279936897326, 1.5858279936897326, 1.5858279936897326, 1.5858279936897326, 1.5858279936897326)
(1.5858288083124854, 1.5858288083124854, 1.5858288083124854, 1.5858288083124854, 1.5858288083124854, 1.5858288083124854, 1.5858288083124854, 1.5858288083124854)
(1.600619935315853, 1.600619935315853, 1.600619935315853, 1.600619935315853, 1.600619935315853, 1.600619935315853, 1.600619935315853, 1.600619935315853)
(1.6006149637446638, 1.6006149637446638, 1.6006149637446638, 1.6006149637446638, 1.6006149637446638, 1.6006149637446638, 1.6006149637446638, 1.6006149637446638)
(2.8506162848440666, 2.8506162848440666, 2.8506162848440666, 2.8506162848440666, 2.8506162848440666, 2.8506162848440666, 2.8506162848440666, 2.8506162848440666)
(2.850619507677376, 2.850619507677376, 2.850619507677376, 2.850619507677376, 2.850619507677376, 2.850619507677376, 2.850619507677376, 2.850619507677376)
(1.6048149640992424, 1.6048149640992424, 1.6048149640992424, 1.6048149640992424, 1.6048149640992424, 1.6048149640992424, 1.6048149640992424, 1.6048149640992424)
(1.6048125179320931, 1.6048125179320931, 1.6048125179320931, 1.6048125179320931, 1.6048125179320931, 1.6048125179320931, 1.6048125179320931, 1.6048125179320931)
(1.6048154651724944, 1.6048154651724944, 1.6048154651724944, 1.6048154651724944, 1.6048154651724944, 1.6048154651724944, 1.6048154651724944, 1.6048154651724944)
(1.6048132150522756, 1.6048132150522756, 1.6048132150522756, 1.6048132150522756, 1.6048132150522756, 1.6048132150522756, 1.6048132150522756, 1.6048132150522756)
(1.6196084522679486, 1.6196084522679486, 1.6196084522679486, 1.6196084522679486, 1.6196084522679486, 1.6196084522679486, 1.6196084522679486, 1.6196084522679486)
(1.619606466614622, 1.619606466614622, 1.619606466614622, 1.619606466614622, 1.619606466614622, 1.619606466614622, 1.619606466614622, 1.619606466614622)
(2.8696031489233933, 2.8696031489233933, 2.8696031489233933, 2.8696031489233933, 2.8696031489233933, 2.8696031489233933, 2.8696031489233933, 2.8696031489233933)
(2.8696061617613684, 2.8696061617613684, 2.8696061617613684, 2.8696061617613684, 2.8696061617613684, 2.8696061617613684, 2.8696061617613684, 2.8696061617613684)
(1.5865862076738202, 1.5865862076738202, 1.5865862076738202, 1.5865862076738202, 1.5865862076738202, 1.5865862076738202, 1.5865862076738202, 1.5865862076738202)
(1.5865874466003533, 1.5865874466003533, 1.5865874466003533, 1.5865874466003533, 1.5865874466003533, 1.5865874466003533, 1.5865874466003533, 1.5865874466003533)
(1.586585237692926, 1.586585237692926, 1.586585237692926, 1.586585237692926, 1.586585237692926, 1.586585237692926, 1.586585237692926, 1.586585237692926)
(1.586589949650979, 1.586589949650979, 1.586589949650979, 1.586589949650979, 1.586589949650979, 1.586589949650979, 1.586589949650979, 1.586589949650979)
(1.6013769438052565, 1.6013769438052565, 1.6013769438052565, 1.6013769438052565, 1.6013769438052565, 1.6013769438052565, 1.6013769438052565, 1.6013769438052565)
(1.6013754120324621, 1.6013754120324621, 1.6013754120324621, 1.6013754120324621, 1.6013754120324621, 1.6013754120324621, 1.6013754120324621, 1.6013754120324621)
(2.851375409321255, 2.851375409321255, 2.851375409321255, 2.851375409321255, 2.851375409321255, 2.851375409321255, 2.851375409321255, 2.851375409321255)
(2.851376471345871, 2.851376471345871, 2.851376471345871, 2.851376471345871, 2.851376471345871, 2.851376471345871, 2.851376471345871, 2.851376471345871)
(1.573257016700737, 1.573257016700737, 1.573257016700737, 1.573257016700737, 1.573257016700737, 1.573257016700737, 1.573257016700737, 1.573257016700737)
(1.5732586710473482, 1.5732586710473482, 1.5732586710473482, 1.5732586710473482, 1.5732586710473482, 1.5732586710473482, 1.5732586710473482, 1.5732586710473482)
(1.5732539157146088, 1.5732539157146088, 1.5732539157146088, 1.5732539157146088, 1.5732539157146088, 1.5732539157146088, 1.5732539157146088, 1.5732539157146088)
(1.573251616412066, 1.573251616412066, 1.573251616412066, 1.573251616412066, 1.573251616412066, 1.573251616412066, 1.573251616412066, 1.573251616412066)
(1.588045140921405, 1.588045140921405, 1.588045140921405, 1.588045140921405, 1.588045140921405, 1.588045140921405, 1.588045140921405, 1.588045140921405)
(1.5880397719700392, 1.5880397719700392, 1.5880397719700392, 1.5880397719700392, 1.5880397719700392, 1.5880397719700392, 1.5880397719700392, 1.5880397719700392)
(2.8380456980355424, 2.8380456980355424, 2.8380456980355424, 2.8380456980355424, 2.8380456980355424, 2.8380456980355424, 2.8380456980355424, 2.8380456980355424)
(2.8380449199362006, 2.8380449199362006, 2.8380449199362006, 2.8380449199362006, 2.8380449199362006, 2.8380449199362006, 2.8380449199362006, 2.8380449199362006)
(1.573257850171248, 1.573257850171248, 1.573257850171248, 1.573257850171248, 1.573257850171248, 1.573257850171248, 1.573257850171248, 1.573257850171248)
(1.5732567525776937, 1.5732567525776937, 1.5732567525776937, 1.5732567525776937, 1.5732567525776937, 1.5732567525776937, 1.5732567525776937, 1.5732567525776937)
(1.573245903163281, 1.573245903163281, 1.573245903163281, 1.573245903163281, 1.573245903163281, 1.573245903163281, 1.573245903163281, 1.573245903163281)
(1.5732582939727937, 1.5732582939727937, 1.5732582939727937, 1.5732582939727937, 1.5732582939727937, 1.5732582939727937, 1.5732582939727937, 1.5732582939727937)
(1.5880417543272969, 1.5880417543272969, 1.5880417543272969, 1.5880417543272969, 1.5880417543272969, 1.5880417543272969, 1.5880417543272969, 1.5880417543272969)
(1.5880479056245884, 1.5880479056245884, 1.5880479056245884, 1.5880479056245884, 1.5880479056245884, 1.5880479056245884, 1.5880479056245884, 1.5880479056245884)
(2.83804658162485, 2.83804658162485, 2.83804658162485, 2.83804658162485, 2.83804658162485, 2.83804658162485, 2.83804658162485, 2.83804658162485)
(2.838044553484293, 2.838044553484293, 2.838044553484293, 2.838044553484293, 2.838044553484293, 2.838044553484293, 2.838044553484293, 2.838044553484293)
(1.5922413402822706, 1.5922413402822706, 1.5922413402822706, 1.5922413402822706, 1.5922413402822706, 1.5922413402822706, 1.5922413402822706, 1.5922413402822706)
(1.5922439437589968, 1.5922439437589968, 1.5922439437589968, 1.5922439437589968, 1.5922439437589968, 1.5922439437589968, 1.5922439437589968, 1.5922439437589968)
(1.5922454627959362, 1.5922454627959362, 1.5922454627959362, 1.5922454627959362, 1.5922454627959362, 1.5922454627959362, 1.5922454627959362, 1.5922454627959362)
(1.59224201382866, 1.59224201382866, 1.59224201382866, 1.59224201382866, 1.59224201382866, 1.59224201382866, 1.59224201382866, 1.59224201382866)
(1.6070293834095544, 1.6070293834095544, 1.6070293834095544, 1.6070293834095544, 1.6070293834095544, 1.6070293834095544, 1.6070293834095544, 1.6070293834095544)
(1.6070355559642084, 1.6070355559642084, 1.6070355559642084, 1.6070355559642084, 1.6070355559642084, 1.6070355559642084, 1.6070355559642084, 1.6070355559642084)
(2.8570390541857438, 2.8570390541857438, 2.8570390541857438, 2.8570390541857438, 2.8570390541857438, 2.8570390541857438, 2.8570390541857438, 2.8570390541857438)
(2.857034381571605, 2.857034381571605, 2.857034381571605, 2.857034381571605, 2.857034381571605, 2.857034381571605, 2.857034381571605, 2.857034381571605)
(1.574018442332262, 1.574018442332262, 1.574018442332262, 1.574018442332262, 1.574018442332262, 1.574018442332262, 1.574018442332262, 1.574018442332262)
(1.574016568310499, 1.574016568310499, 1.574016568310499, 1.574016568310499, 1.574016568310499, 1.574016568310499, 1.574016568310499, 1.574016568310499)
(1.5740158298627402, 1.5740158298627402, 1.5740158298627402, 1.5740158298627402, 1.5740158298627402, 1.5740158298627402, 1.5740158298627402, 1.5740158298627402)
(1.5740107060685438, 1.5740107060685438, 1.5740107060685438, 1.5740107060685438, 1.5740107060685438, 1.5740107060685438, 1.5740107060685438, 1.5740107060685438)
(1.5888030922991838, 1.5888030922991838, 1.5888030922991838, 1.5888030922991838, 1.5888030922991838, 1.5888030922991838, 1.5888030922991838, 1.5888030922991838)
(1.5888089497709421, 1.5888089497709421, 1.5888089497709421, 1.5888089497709421, 1.5888089497709421, 1.5888089497709421, 1.5888089497709421, 1.5888089497709421)
(2.838807035932418, 2.838807035932418, 2.838807035932418, 2.838807035932418, 2.838807035932418, 2.838807035932418, 2.838807035932418, 2.838807035932418)
(2.8388087334503482, 2.8388087334503482, 2.8388087334503482, 2.8388087334503482, 2.8388087334503482, 2.8388087334503482, 2.8388087334503482, 2.8388087334503482)
(1.3866907367149484, 1.3866907367149484, 1.3866907367149484, 1.3866907367149484, 1.3866907367149484, 1.3866907367149484, 1.3866907367149484, 1.3866907367149484)
(1.3866913949394002, 1.3866913949394002, 1.3866913949394002, 1.3866913949394002, 1.3866913949394002, 1.3866913949394002, 1.3866913949394002, 1.3866913949394002)
(1.3866919158012612, 1.3866919158012612, 1.3866919158012612, 1.3866919158012612, 1.3866919158012612, 1.3866919158012612, 1.3866919158012612, 1.3866919158012612)
(1.3866946042413082, 1.3866946042413082, 1.3866946042413082, 1.3866946042413082, 1.3866946042413082, 1.3866946042413082, 1.3866946042413082, 1.3866946042413082)
(1.4014856104118267, 1.4014856104118267, 1.4014856104118267, 1.4014856104118267, 1.4014856104118267, 1.4014856104118267, 1.4014856104118267, 1.4014856104118267)
(1.4014799579394308, 1.4014799579394308, 1.4014799579394308, 1.4014799579394308, 1.4014799579394308, 1.4014799579394308, 1.4014799579394308, 1.4014799579394308)
(2.6514838087008457, 2.6514838087008457, 2.6514838087008457, 2.6514838087008457, 2.6514838087008457, 2.6514838087008457, 2.6514838087008457, 2.6514838087008457)
(2.651482935265816, 2.651482935265816, 2.651482935265816, 2.651482935265816, 2.651482935265816, 2.651482935265816, 2.651482935265816, 2.651482935265816)
(1.3866907432141364, 1.3866907432141364, 1.3866907432141364, 1.3866907432141364, 1.3866907432141364, 1.3866907432141364, 1.3866907432141364, 1.3866907432141364)
(1.3866930158880972, 1.3866930158880972, 1.3866930158880972, 1.3866930158880972, 1.3866930158880972, 1.3866930158880972, 1.3866930158880972, 1.3866930158880972)
(1.3866891484414248, 1.3866891484414248, 1.3866891484414248, 1.3866891484414248, 1.3866891484414248, 1.3866891484414248, 1.3866891484414248, 1.3866891484414248)
(1.386693849219926, 1.386693849219926, 1.386693849219926, 1.386693849219926, 1.386693849219926, 1.386693849219926, 1.386693849219926, 1.386693849219926)
(1.4014792139134506, 1.4014792139134506, 1.4014792139134506, 1.4014792139134506, 1.4014792139134506, 1.4014792139134506, 1.4014792139134506, 1.4014792139134506)
(1.4014824338571281, 1.4014824338571281, 1.4014824338571281, 1.4014824338571281, 1.4014824338571281, 1.4014824338571281, 1.4014824338571281, 1.4014824338571281)
(2.6514793345547627, 2.6514793345547627, 2.6514793345547627, 2.6514793345547627, 2.6514793345547627, 2.6514793345547627, 2.6514793345547627, 2.6514793345547627)
(2.651483403765337, 2.651483403765337, 2.651483403765337, 2.651483403765337, 2.651483403765337, 2.651483403765337, 2.651483403765337, 2.651483403765337)
(1.4056830433468888, 1.4056830433468888, 1.4056830433468888, 1.4056830433468888, 1.4056830433468888, 1.4056830433468888, 1.4056830433468888, 1.4056830433468888)
(1.4056805838806083, 1.4056805838806083, 1.4056805838806083, 1.4056805838806083, 1.4056805838806083, 1.4056805838806083, 1.4056805838806083, 1.4056805838806083)
(1.4056809729309994, 1.4056809729309994, 1.4056809729309994, 1.4056809729309994, 1.4056809729309994, 1.4056809729309994, 1.4056809729309994, 1.4056809729309994)
(1.4056808610556557, 1.4056808610556557, 1.4056808610556557, 1.4056808610556557, 1.4056808610556557, 1.4056808610556557, 1.4056808610556557, 1.4056808610556557)
(1.4204755816517245, 1.4204755816517245, 1.4204755816517245, 1.4204755816517245, 1.4204755816517245, 1.4204755816517245, 1.4204755816517245, 1.4204755816517245)
(1.4204687091180042, 1.4204687091180042, 1.4204687091180042, 1.4204687091180042, 1.4204687091180042, 1.4204687091180042, 1.4204687091180042, 1.4204687091180042)
(2.67047047931114, 2.67047047931114, 2.67047047931114, 2.67047047931114, 2.67047047931114, 2.67047047931114, 2.67047047931114, 2.67047047931114)
(2.670470508023465, 2.670470508023465, 2.670470508023465, 2.670470508023465, 2.670470508023465, 2.670470508023465, 2.670470508023465, 2.670470508023465)
(1.3874553326046297, 1.3874553326046297, 1.3874553326046297, 1.3874553326046297, 1.3874553326046297, 1.3874553326046297, 1.3874553326046297, 1.3874553326046297)
(1.38745025206775, 1.38745025206775, 1.38745025206775, 1.38745025206775, 1.38745025206775, 1.38745025206775, 1.38745025206775, 1.38745025206775)
(1.3874518587711915, 1.3874518587711915, 1.3874518587711915, 1.3874518587711915, 1.3874518587711915, 1.3874518587711915, 1.3874518587711915, 1.3874518587711915)
(1.3874504585339984, 1.3874504585339984, 1.3874504585339984, 1.3874504585339984, 1.3874504585339984, 1.3874504585339984, 1.3874504585339984, 1.3874504585339984)
(1.4022413855473597, 1.4022413855473597, 1.4022413855473597, 1.4022413855473597, 1.4022413855473597, 1.4022413855473597, 1.4022413855473597, 1.4022413855473597)
(1.4022443446105146, 1.4022443446105146, 1.4022443446105146, 1.4022443446105146, 1.4022443446105146, 1.4022443446105146, 1.4022443446105146, 1.4022443446105146)
(2.652242775335221, 2.652242775335221, 2.652242775335221, 2.652242775335221, 2.652242775335221, 2.652242775335221, 2.652242775335221, 2.652242775335221)
(2.6522390915217997, 2.6522390915217997, 2.6522390915217997, 2.6522390915217997, 2.6522390915217997, 2.6522390915217997, 2.6522390915217997, 2.6522390915217997)
(1.361541482512201, 1.361541482512201, 1.361541482512201, 1.361541482512201, 1.361541482512201, 1.361541482512201, 1.361541482512201, 1.361541482512201)
(1.3615467153572198, 1.3615467153572198, 1.3615467153572198, 1.3615467153572198, 1.3615467153572198, 1.3615467153572198, 1.3615467153572198, 1.3615467153572198)
(1.3615376742464063, 1.3615376742464063, 1.3615376742464063, 1.3615376742464063, 1.3615376742464063, 1.3615376742464063, 1.3615376742464063, 1.3615376742464063)
(1.361547014571238, 1.361547014571238, 1.361547014571238, 1.361547014571238, 1.361547014571238, 1.361547014571238, 1.361547014571238, 1.361547014571238)
(1.3763357713617694, 1.3763357713617694, 1.3763357713617694, 1.3763357713617694, 1.3763357713617694, 1.3763357713617694, 1.3763357713617694, 1.3763357713617694)
(1.3763305961509535, 1.3763305961509535, 1.3763305961509535, 1.3763305961509535, 1.3763305961509535, 1.3763305961509535, 1.3763305961509535, 1.3763305961509535)
(2.6263368457129617, 2.6263368457129617, 2.6263368457129617, 2.6263368457129617, 2.6263368457129617, 2.6263368457129617, 2.6263368457129617, 2.6263368457129617)
(2.6263303884130265, 2.6263303884130265, 2.6263303884130265, 2.6263303884130265, 2.6263303884130265, 2.6263303884130265, 2.6263303884130265, 2.6263303884130265)
(1.3615430820108565, 1.3615430820108565, 1.3615430820108565, 1.3615430820108565, 1.3615430820108565, 1.3615430820108565, 1.3615430820108565, 1.3615430820108565)
(1.361542403026219, 1.361542403026219, 1.361542403026219, 1.361542403026219, 1.361542403026219, 1.361542403026219, 1.361542403026219, 1.361542403026219)
(1.3615405880083253, 1.3615405880083253, 1.3615405880083253, 1.3615405880083253, 1.3615405880083253, 1.3615405880083253, 1.3615405880083253, 1.3615405880083253)
(1.3615434031801403, 1.3615434031801403, 1.3615434031801403, 1.3615434031801403, 1.3615434031801403, 1.3615434031801403, 1.3615434031801403, 1.3615434031801403)
(1.3763316886390076, 1.3763316886390076, 1.3763316886390076, 1.3763316886390076, 1.3763316886390076, 1.3763316886390076, 1.3763316886390076, 1.3763316886390076)
(1.376330140180184, 1.376330140180184, 1.376330140180184, 1.376330140180184, 1.376330140180184, 1.376330140180184, 1.376330140180184, 1.376330140180184)
(2.626330473120019, 2.626330473120019, 2.626330473120019, 2.626330473120019, 2.626330473120019, 2.626330473120019, 2.626330473120019, 2.626330473120019)
(2.626327079703685, 2.626327079703685, 2.626327079703685, 2.626327079703685, 2.626327079703685, 2.626327079703685, 2.626327079703685, 2.626327079703685)
(1.380535402619064, 1.380535402619064, 1.380535402619064, 1.380535402619064, 1.380535402619064, 1.380535402619064, 1.380535402619064, 1.380535402619064)
(1.38053329723922, 1.38053329723922, 1.38053329723922, 1.38053329723922, 1.38053329723922, 1.38053329723922, 1.38053329723922, 1.38053329723922)
(1.3805334268215164, 1.3805334268215164, 1.3805334268215164, 1.3805334268215164, 1.3805334268215164, 1.3805334268215164, 1.3805334268215164, 1.3805334268215164)
(1.380533156827907, 1.380533156827907, 1.380533156827907, 1.380533156827907, 1.380533156827907, 1.380533156827907, 1.380533156827907, 1.380533156827907)
(1.3953188289149374, 1.3953188289149374, 1.3953188289149374, 1.3953188289149374, 1.3953188289149374, 1.3953188289149374, 1.3953188289149374, 1.3953188289149374)
(1.395321044543759, 1.395321044543759, 1.395321044543759, 1.395321044543759, 1.395321044543759, 1.395321044543759, 1.395321044543759, 1.395321044543759)
(2.64532345439483, 2.64532345439483, 2.64532345439483, 2.64532345439483, 2.64532345439483, 2.64532345439483, 2.64532345439483, 2.64532345439483)
(2.645317759593688, 2.645317759593688, 2.645317759593688, 2.645317759593688, 2.645317759593688, 2.645317759593688, 2.645317759593688, 2.645317759593688)
(1.3622985632530833, 1.3622985632530833, 1.3622985632530833, 1.3622985632530833, 1.3622985632530833, 1.3622985632530833, 1.3622985632530833, 1.3622985632530833)
(1.3623046423061453, 1.3623046423061453, 1.3623046423061453, 1.3623046423061453, 1.3623046423061453, 1.3623046423061453, 1.3623046423061453, 1.3623046423061453)
(1.362301871411993, 1.362301871411993, 1.362301871411993, 1.362301871411993, 1.362301871411993, 1.362301871411993, 1.362301871411993, 1.362301871411993)
(1.362299867312488, 1.362299867312488, 1.362299867312488, 1.362299867312488, 1.362299867312488, 1.362299867312488, 1.362299867312488, 1.362299867312488)
(1.3770960994613755, 1.3770960994613755, 1.3770960994613755, 1.3770960994613755, 1.3770960994613755, 1.3770960994613755, 1.3770960994613755, 1.3770960994613755)
(1.3770876002249952, 1.3770876002249952, 1.3770876002249952, 1.3770876002249952, 1.3770876002249952, 1.3770876002249952, 1.3770876002249952, 1.3770876002249952)
(2.627088716891161, 2.627088716891161, 2.627088716891161, 2.627088716891161, 2.627088716891161, 2.627088716891161, 2.627088716891161, 2.627088716891161)
(2.627086737305327, 2.627086737305327, 2.627086737305327, 2.627086737305327, 2.627086737305327, 2.627086737305327, 2.627086737305327, 2.627086737305327)
(1.8291557198353126, 1.8291557198353126, 1.8291557198353126, 1.8291557198353126, 1.8291557198353126, 1.8291557198353126, 1.8291557198353126, 1.8291557198353126)
(1.8289053552091514, 1.8289053552091514, 1.8289053552091514, 1.8289053552091514, 1.8289053552091514, 1.8289053552091514, 1.8289053552091514, 1.8289053552091514)
(1.8291161188662366, 1.8291161188662366, 1.8291161188662366, 1.8291161188662366, 1.8291161188662366, 1.8291161188662366, 1.8291161188662366, 1.8291161188662366)
(1.8289801469940206, 1.8289801469940206, 1.8289801469940206, 1.8289801469940206, 1.8289801469940206, 1.8289801469940206, 1.8289801469940206, 1.8289801469940206)
(1.8439379297130323, 1.8439379297130323, 1.8439379297130323, 1.8439379297130323, 1.8439379297130323, 1.8439379297130323, 1.8439379297130323, 1.8439379297130323)
(1.8436462022330693, 1.8436462022330693, 1.8436462022330693, 1.8436462022330693, 1.8436462022330693, 1.8436462022330693, 1.8436462022330693, 1.8436462022330693)
(3.093800551301654, 3.093800551301654, 3.093800551301654, 3.093800551301654, 3.093800551301654, 3.093800551301654, 3.093800551301654, 3.093800551301654)
(3.093871964871914, 3.093871964871914, 3.093871964871914, 3.093871964871914, 3.093871964871914, 3.093871964871914, 3.093871964871914, 3.093871964871914)
(1.8289418630601895, 1.8289418630601895, 1.8289418630601895, 1.8289418630601895, 1.8289418630601895, 1.8289418630601895, 1.8289418630601895, 1.8289418630601895)
(1.8289541751108684, 1.8289541751108684, 1.8289541751108684, 1.8289541751108684, 1.8289541751108684, 1.8289541751108684, 1.8289541751108684, 1.8289541751108684)
(1.8291395418905114, 1.8291395418905114, 1.8291395418905114, 1.8291395418905114, 1.8291395418905114, 1.8291395418905114, 1.8291395418905114, 1.8291395418905114)
(1.8292277098745557, 1.8292277098745557, 1.8292277098745557, 1.8292277098745557, 1.8292277098745557, 1.8292277098745557, 1.8292277098745557, 1.8292277098745557)
(1.8437042330680677, 1.8437042330680677, 1.8437042330680677, 1.8437042330680677, 1.8437042330680677, 1.8437042330680677, 1.8437042330680677, 1.8437042330680677)
(1.8438621606742724, 1.8438621606742724, 1.8438621606742724, 1.8438621606742724, 1.8438621606742724, 1.8438621606742724, 1.8438621606742724, 1.8438621606742724)
(3.093752036031793, 3.093752036031793, 3.093752036031793, 3.093752036031793, 3.093752036031793, 3.093752036031793, 3.093752036031793, 3.093752036031793)
(3.09389513464746, 3.09389513464746, 3.09389513464746, 3.09389513464746, 3.09389513464746, 3.09389513464746, 3.09389513464746, 3.09389513464746)
(1.8479828314350615, 1.8479828314350615, 1.8479828314350615, 1.8479828314350615, 1.8479828314350615, 1.8479828314350615, 1.8479828314350615, 1.8479828314350615)
(1.8480542219449658, 1.8480542219449658, 1.8480542219449658, 1.8480542219449658, 1.8480542219449658, 1.8480542219449658, 1.8480542219449658, 1.8480542219449658)
(1.8480950051515024, 1.8480950051515024, 1.8480950051515024, 1.8480950051515024, 1.8480950051515024, 1.8480950051515024, 1.8480950051515024, 1.8480950051515024)
(1.8479294565741664, 1.8479294565741664, 1.8479294565741664, 1.8479294565741664, 1.8479294565741664, 1.8479294565741664, 1.8479294565741664, 1.8479294565741664)
(1.8628108359323026, 1.8628108359323026, 1.8628108359323026, 1.8628108359323026, 1.8628108359323026, 1.8628108359323026, 1.8628108359323026, 1.8628108359323026)
(1.8627506022772549, 1.8627506022772549, 1.8627506022772549, 1.8627506022772549, 1.8627506022772549, 1.8627506022772549, 1.8627506022772549, 1.8627506022772549)
(3.1126838143374216, 3.1126838143374216, 3.1126838143374216, 3.1126838143374216, 3.1126838143374216, 3.1126838143374216, 3.1126838143374216, 3.1126838143374216)
(3.112678866740666, 3.112678866740666, 3.112678866740666, 3.112678866740666, 3.112678866740666, 3.112678866740666, 3.112678866740666, 3.112678866740666)
(1.8298155656980957, 1.8298155656980957, 1.8298155656980957, 1.8298155656980957, 1.8298155656980957, 1.8298155656980957, 1.8298155656980957, 1.8298155656980957)
(1.8299792099067964, 1.8299792099067964, 1.8299792099067964, 1.8299792099067964, 1.8299792099067964, 1.8299792099067964, 1.8299792099067964, 1.8299792099067964)
(1.8298855917997408, 1.8298855917997408, 1.8298855917997408, 1.8298855917997408, 1.8298855917997408, 1.8298855917997408, 1.8298855917997408, 1.8298855917997408)
(1.8295990156666455, 1.8295990156666455, 1.8295990156666455, 1.8295990156666455, 1.8295990156666455, 1.8295990156666455, 1.8295990156666455, 1.8295990156666455)
(1.8445191346673886, 1.8445191346673886, 1.8445191346673886, 1.8445191346673886, 1.8445191346673886, 1.8445191346673886, 1.8445191346673886, 1.8445191346673886)
(1.8447265417400847, 1.8447265417400847, 1.8447265417400847, 1.8447265417400847, 1.8447265417400847, 1.8447265417400847, 1.8447265417400847, 1.8447265417400847)
(3.0944441986218703, 3.0944441986218703, 3.0944441986218703, 3.0944441986218703, 3.0944441986218703, 3.0944441986218703, 3.0944441986218703, 3.0944441986218703)
(3.094544079778357, 3.094544079778357, 3.094544079778357, 3.094544079778357, 3.094544079778357, 3.094544079778357, 3.094544079778357, 3.094544079778357)
(1.816410430829494, 1.816410430829494, 1.816410430829494, 1.816410430829494, 1.816410430829494, 1.816410430829494, 1.816410430829494, 1.816410430829494)
(1.8164628680044108, 1.8164628680044108, 1.8164628680044108, 1.8164628680044108, 1.8164628680044108, 1.8164628680044108, 1.8164628680044108, 1.8164628680044108)
(1.8163466689470422, 1.8163466689470422, 1.8163466689470422, 1.8163466689470422, 1.8163466689470422, 1.8163466689470422, 1.8163466689470422, 1.8163466689470422)
(1.8166144817213992, 1.8166144817213992, 1.8166144817213992, 1.8166144817213992, 1.8166144817213992, 1.8166144817213992, 1.8166144817213992, 1.8166144817213992)
(1.8311187751266378, 1.8311187751266378, 1.8311187751266378, 1.8311187751266378, 1.8311187751266378, 1.8311187751266378, 1.8311187751266378, 1.8311187751266378)
(1.831236327950088, 1.831236327950088, 1.831236327950088, 1.831236327950088, 1.831236327950088, 1.831236327950088, 1.831236327950088, 1.831236327950088)
(3.0810828484997312, 3.0810828484997312, 3.0810828484997312, 3.0810828484997312, 3.0810828484997312, 3.0810828484997312, 3.0810828484997312, 3.0810828484997312)
(3.0814005816112835, 3.0814005816112835, 3.0814005816112835, 3.0814005816112835, 3.0814005816112835, 3.0814005816112835, 3.0814005816112835, 3.0814005816112835)
(1.8163627356915506, 1.8163627356915506, 1.8163627356915506, 1.8163627356915506, 1.8163627356915506, 1.8163627356915506, 1.8163627356915506, 1.8163627356915506)
(1.816270095910112, 1.816270095910112, 1.816270095910112, 1.816270095910112, 1.816270095910112, 1.816270095910112, 1.816270095910112, 1.816270095910112)
(1.8166861595323094, 1.8166861595323094, 1.8166861595323094, 1.8166861595323094, 1.8166861595323094, 1.8166861595323094, 1.8166861595323094, 1.8166861595323094)
(1.816591502898062, 1.816591502898062, 1.816591502898062, 1.816591502898062, 1.816591502898062, 1.816591502898062, 1.816591502898062, 1.816591502898062)
(1.8310463846000715, 1.8310463846000715, 1.8310463846000715, 1.8310463846000715, 1.8310463846000715, 1.8310463846000715, 1.8310463846000715, 1.8310463846000715)
(1.8310885490632434, 1.8310885490632434, 1.8310885490632434, 1.8310885490632434, 1.8310885490632434, 1.8310885490632434, 1.8310885490632434, 1.8310885490632434)
(3.08137658493669, 3.08137658493669, 3.08137658493669, 3.08137658493669, 3.08137658493669, 3.08137658493669, 3.08137658493669, 3.08137658493669)
(3.081006878729335, 3.081006878729335, 3.081006878729335, 3.081006878729335, 3.081006878729335, 3.081006878729335, 3.081006878729335, 3.081006878729335)
(1.8354579659635781, 1.8354579659635781, 1.8354579659635781, 1.8354579659635781, 1.8354579659635781, 1.8354579659635781, 1.8354579659635781, 1.8354579659635781)
(1.835264445771421, 1.835264445771421, 1.835264445771421, 1.835264445771421, 1.835264445771421, 1.835264445771421, 1.835264445771421, 1.835264445771421)
(1.8354471563580683, 1.8354471563580683, 1.8354471563580683, 1.8354471563580683, 1.8354471563580683, 1.8354471563580683, 1.8354471563580683, 1.8354471563580683)
(1.835292671372041, 1.835292671372041, 1.835292671372041, 1.835292671372041, 1.835292671372041, 1.835292671372041, 1.835292671372041, 1.835292671372041)
(1.8502059543391476, 1.8502059543391476, 1.8502059543391476, 1.8502059543391476, 1.8502059543391476, 1.8502059543391476, 1.8502059543391476, 1.8502059543391476)
(1.850331704353661, 1.850331704353661, 1.850331704353661, 1.850331704353661, 1.850331704353661, 1.850331704353661, 1.850331704353661, 1.850331704353661)
(3.1003474165195977, 3.1003474165195977, 3.1003474165195977, 3.1003474165195977, 3.1003474165195977, 3.1003474165195977, 3.1003474165195977, 3.1003474165195977)
(3.100066110664956, 3.100066110664956, 3.100066110664956, 3.100066110664956, 3.100066110664956, 3.100066110664956, 3.100066110664956, 3.100066110664956)
(1.8172483749283184, 1.8172483749283184, 1.8172483749283184, 1.8172483749283184, 1.8172483749283184, 1.8172483749283184, 1.8172483749283184, 1.8172483749283184)
(1.8171842918259686, 1.8171842918259686, 1.8171842918259686, 1.8171842918259686, 1.8171842918259686, 1.8171842918259686, 1.8171842918259686, 1.8171842918259686)
(1.8170888708437458, 1.8170888708437458, 1.8170888708437458, 1.8170888708437458, 1.8170888708437458, 1.8170888708437458, 1.8170888708437458, 1.8170888708437458)
(1.817380881585258, 1.817380881585258, 1.817380881585258, 1.817380881585258, 1.817380881585258, 1.817380881585258, 1.817380881585258, 1.817380881585258)
(1.8319459367917348, 1.8319459367917348, 1.8319459367917348, 1.8319459367917348, 1.8319459367917348, 1.8319459367917348, 1.8319459367917348, 1.8319459367917348)
(1.8322769643157844, 1.8322769643157844, 1.8322769643157844, 1.8322769643157844, 1.8322769643157844, 1.8322769643157844, 1.8322769643157844, 1.8322769643157844)
(3.082142330557015, 3.082142330557015, 3.082142330557015, 3.082142330557015, 3.082142330557015, 3.082142330557015, 3.082142330557015, 3.082142330557015)
(3.0820293112831436, 3.0820293112831436, 3.0820293112831436, 3.0820293112831436, 3.0820293112831436, 3.0820293112831436, 3.0820293112831436, 3.0820293112831436)
(1.8415666612105923, 1.8415666612105923, 1.8415666612105923, 1.8415666612105923, 1.8415666612105923, 1.8415666612105923, 1.8415666612105923, 1.8415666612105923)
(1.8414878008216853, 1.8414878008216853, 1.8414878008216853, 1.8414878008216853, 1.8414878008216853, 1.8414878008216853, 1.8414878008216853, 1.8414878008216853)
(1.8415409334870219, 1.8415409334870219, 1.8415409334870219, 1.8415409334870219, 1.8415409334870219, 1.8415409334870219, 1.8415409334870219, 1.8415409334870219)
(1.8413932036308718, 1.8413932036308718, 1.8413932036308718, 1.8413932036308718, 1.8413932036308718, 1.8413932036308718, 1.8413932036308718, 1.8413932036308718)
(1.856139903737098, 1.856139903737098, 1.856139903737098, 1.856139903737098, 1.856139903737098, 1.856139903737098, 1.856139903737098, 1.856139903737098)
(1.8563610220672488, 1.8563610220672488, 1.8563610220672488, 1.8563610220672488, 1.8563610220672488, 1.8563610220672488, 1.8563610220672488, 1.8563610220672488)
(3.106149245215778, 3.106149245215778, 3.106149245215778, 3.106149245215778, 3.106149245215778, 3.106149245215778, 3.106149245215778, 3.106149245215778)
(3.106482454740139, 3.106482454740139, 3.106482454740139, 3.106482454740139, 3.106482454740139, 3.106482454740139, 3.106482454740139, 3.106482454740139)
(1.8414153322077793, 1.8414153322077793, 1.8414153322077793, 1.8414153322077793, 1.8414153322077793, 1.8414153322077793, 1.8414153322077793, 1.8414153322077793)
(1.841636915065981, 1.841636915065981, 1.841636915065981, 1.841636915065981, 1.841636915065981, 1.841636915065981, 1.841636915065981, 1.841636915065981)
(1.8415659175095769, 1.8415659175095769, 1.8415659175095769, 1.8415659175095769, 1.8415659175095769, 1.8415659175095769, 1.8415659175095769, 1.8415659175095769)
(1.841477654242166, 1.841477654242166, 1.841477654242166, 1.841477654242166, 1.841477654242166, 1.841477654242166, 1.841477654242166, 1.841477654242166)
(1.8563592756404317, 1.8563592756404317, 1.8563592756404317, 1.8563592756404317, 1.8563592756404317, 1.8563592756404317, 1.8563592756404317, 1.8563592756404317)
(1.8564370586545993, 1.8564370586545993, 1.8564370586545993, 1.8564370586545993, 1.8564370586545993, 1.8564370586545993, 1.8564370586545993, 1.8564370586545993)
(3.1063996303304044, 3.1063996303304044, 3.1063996303304044, 3.1063996303304044, 3.1063996303304044, 3.1063996303304044, 3.1063996303304044, 3.1063996303304044)
(3.106274919973883, 3.106274919973883, 3.106274919973883, 3.106274919973883, 3.106274919973883, 3.106274919973883, 3.106274919973883, 3.106274919973883)
(1.8603113157364009, 1.8603113157364009, 1.8603113157364009, 1.8603113157364009, 1.8603113157364009, 1.8603113157364009, 1.8603113157364009, 1.8603113157364009)
(1.8602592919941399, 1.8602592919941399, 1.8602592919941399, 1.8602592919941399, 1.8602592919941399, 1.8602592919941399, 1.8602592919941399, 1.8602592919941399)
(1.86041354601015, 1.86041354601015, 1.86041354601015, 1.86041354601015, 1.86041354601015, 1.86041354601015, 1.86041354601015, 1.86041354601015)
(1.8604229352545283, 1.8604229352545283, 1.8604229352545283, 1.8604229352545283, 1.8604229352545283, 1.8604229352545283, 1.8604229352545283, 1.8604229352545283)
(1.8749465411039283, 1.8749465411039283, 1.8749465411039283, 1.8749465411039283, 1.8749465411039283, 1.8749465411039283, 1.8749465411039283, 1.8749465411039283)
(1.8755762124989164, 1.8755762124989164, 1.8755762124989164, 1.8755762124989164, 1.8755762124989164, 1.8755762124989164, 1.8755762124989164, 1.8755762124989164)
(3.1251179595098613, 3.1251179595098613, 3.1251179595098613, 3.1251179595098613, 3.1251179595098613, 3.1251179595098613, 3.1251179595098613, 3.1251179595098613)
(3.125494207362889, 3.125494207362889, 3.125494207362889, 3.125494207362889, 3.125494207362889, 3.125494207362889, 3.125494207362889, 3.125494207362889)
(1.8424424082423216, 1.8424424082423216, 1.8424424082423216, 1.8424424082423216, 1.8424424082423216, 1.8424424082423216, 1.8424424082423216, 1.8424424082423216)
(1.8421551769267883, 1.8421551769267883, 1.8421551769267883, 1.8421551769267883, 1.8421551769267883, 1.8421551769267883, 1.8421551769267883, 1.8421551769267883)
(1.842305682380009, 1.842305682380009, 1.842305682380009, 1.842305682380009, 1.842305682380009, 1.842305682380009, 1.842305682380009, 1.842305682380009)
(1.842309038771662, 1.842309038771662, 1.842309038771662, 1.842309038771662, 1.842309038771662, 1.842309038771662, 1.842309038771662, 1.842309038771662)
(1.856856935790364, 1.856856935790364, 1.856856935790364, 1.856856935790364, 1.856856935790364, 1.856856935790364, 1.856856935790364, 1.856856935790364)
(1.8569459512602364, 1.8569459512602364, 1.8569459512602364, 1.8569459512602364, 1.8569459512602364, 1.8569459512602364, 1.8569459512602364, 1.8569459512602364)
(3.107112111330636, 3.107112111330636, 3.107112111330636, 3.107112111330636, 3.107112111330636, 3.107112111330636, 3.107112111330636, 3.107112111330636)
(3.1068697860700722, 3.1068697860700722, 3.1068697860700722, 3.1068697860700722, 3.1068697860700722, 3.1068697860700722, 3.1068697860700722, 3.1068697860700722)
(1.8164728599271307, 1.8164728599271307, 1.8164728599271307, 1.8164728599271307, 1.8164728599271307, 1.8164728599271307, 1.8164728599271307, 1.8164728599271307)
(1.8162750922820783, 1.8162750922820783, 1.8162750922820783, 1.8162750922820783, 1.8162750922820783, 1.8162750922820783, 1.8162750922820783, 1.8162750922820783)
(1.8161889763414851, 1.8161889763414851, 1.8161889763414851, 1.8161889763414851, 1.8161889763414851, 1.8161889763414851, 1.8161889763414851, 1.8161889763414851)
(1.81659633349192, 1.81659633349192, 1.81659633349192, 1.81659633349192, 1.81659633349192, 1.81659633349192, 1.81659633349192, 1.81659633349192)
(1.8308626818831206, 1.8308626818831206, 1.8308626818831206, 1.8308626818831206, 1.8308626818831206, 1.8308626818831206, 1.8308626818831206, 1.8308626818831206)
(1.83103116657456, 1.83103116657456, 1.83103116657456, 1.83103116657456, 1.83103116657456, 1.83103116657456, 1.83103116657456, 1.83103116657456)
(3.08103832572486, 3.08103832572486, 3.08103832572486, 3.08103832572486, 3.08103832572486, 3.08103832572486, 3.08103832572486, 3.08103832572486)
(3.081196860900834, 3.081196860900834, 3.081196860900834, 3.081196860900834, 3.081196860900834, 3.081196860900834, 3.081196860900834, 3.081196860900834)
(1.8161702558212005, 1.8161702558212005, 1.8161702558212005, 1.8161702558212005, 1.8161702558212005, 1.8161702558212005, 1.8161702558212005, 1.8161702558212005)
(1.8165961241158244, 1.8165961241158244, 1.8165961241158244, 1.8165961241158244, 1.8165961241158244, 1.8165961241158244, 1.8165961241158244, 1.8165961241158244)
(1.8163929683731692, 1.8163929683731692, 1.8163929683731692, 1.8163929683731692, 1.8163929683731692, 1.8163929683731692, 1.8163929683731692, 1.8163929683731692)
(1.8165782239464416, 1.8165782239464416, 1.8165782239464416, 1.8165782239464416, 1.8165782239464416, 1.8165782239464416, 1.8165782239464416, 1.8165782239464416)
(1.8309576799503071, 1.8309576799503071, 1.8309576799503071, 1.8309576799503071, 1.8309576799503071, 1.8309576799503071, 1.8309576799503071, 1.8309576799503071)
(1.8309464033792313, 1.8309464033792313, 1.8309464033792313, 1.8309464033792313, 1.8309464033792313, 1.8309464033792313, 1.8309464033792313, 1.8309464033792313)
(3.081012838215261, 3.081012838215261, 3.081012838215261, 3.081012838215261, 3.081012838215261, 3.081012838215261, 3.081012838215261, 3.081012838215261)
(3.0809453034422463, 3.0809453034422463, 3.0809453034422463, 3.0809453034422463, 3.0809453034422463, 3.0809453034422463, 3.0809453034422463, 3.0809453034422463)
(1.8351708550181263, 1.8351708550181263, 1.8351708550181263, 1.8351708550181263, 1.8351708550181263, 1.8351708550181263, 1.8351708550181263, 1.8351708550181263)
(1.8352149850286006, 1.8352149850286006, 1.8352149850286006, 1.8352149850286006, 1.8352149850286006, 1.8352149850286006, 1.8352149850286006, 1.8352149850286006)
(1.8353119351987823, 1.8353119351987823, 1.8353119351987823, 1.8353119351987823, 1.8353119351987823, 1.8353119351987823, 1.8353119351987823, 1.8353119351987823)
(1.8352896789170403, 1.8352896789170403, 1.8352896789170403, 1.8352896789170403, 1.8352896789170403, 1.8352896789170403, 1.8352896789170403, 1.8352896789170403)
(1.850149362868, 1.850149362868, 1.850149362868, 1.850149362868, 1.850149362868, 1.850149362868, 1.850149362868, 1.850149362868)
(1.850011215035694, 1.850011215035694, 1.850011215035694, 1.850011215035694, 1.850011215035694, 1.850011215035694, 1.850011215035694, 1.850011215035694)
(3.100121362289352, 3.100121362289352, 3.100121362289352, 3.100121362289352, 3.100121362289352, 3.100121362289352, 3.100121362289352, 3.100121362289352)
(3.100079314277904, 3.100079314277904, 3.100079314277904, 3.100079314277904, 3.100079314277904, 3.100079314277904, 3.100079314277904, 3.100079314277904)
(1.8171610634524795, 1.8171610634524795, 1.8171610634524795, 1.8171610634524795, 1.8171610634524795, 1.8171610634524795, 1.8171610634524795, 1.8171610634524795)
(1.8172386997986385, 1.8172386997986385, 1.8172386997986385, 1.8172386997986385, 1.8172386997986385, 1.8172386997986385, 1.8172386997986385, 1.8172386997986385)
(1.8170416839823382, 1.8170416839823382, 1.8170416839823382, 1.8170416839823382, 1.8170416839823382, 1.8170416839823382, 1.8170416839823382, 1.8170416839823382)
(1.817039158965896, 1.817039158965896, 1.817039158965896, 1.817039158965896, 1.817039158965896, 1.817039158965896, 1.817039158965896, 1.817039158965896)
(1.831942022943352, 1.831942022943352, 1.831942022943352, 1.831942022943352, 1.831942022943352, 1.831942022943352, 1.831942022943352, 1.831942022943352)
(1.8319403994496728, 1.8319403994496728, 1.8319403994496728, 1.8319403994496728, 1.8319403994496728, 1.8319403994496728, 1.8319403994496728, 1.8319403994496728)
(3.082081087886054, 3.082081087886054, 3.082081087886054, 3.082081087886054, 3.082081087886054, 3.082081087886054, 3.082081087886054, 3.082081087886054)
(3.081892152968243, 3.081892152968243, 3.081892152968243, 3.081892152968243, 3.081892152968243, 3.081892152968243, 3.081892152968243, 3.081892152968243)